#ObserverName coordinate is given in the HelioGraphic Carrington coordinate system HGC (R,CRLT,CRLN).
#ObserverName is the center of Helioprojective coordinate system HPC (DIST,HPLT,HPLN).
#CROTA2=0. Sun North is up.
#List of points is given using spherical (r,lat,lon) representation in the HGC and HPC coordinate systems.
#A probability density is given for each point.
#FSS stands for Fast Solar Wind.
#SSW stands for Slow Solar Wind.
#M stands for Measured Solar Wind Speed 
#Data is formatted as follow:
#nVersion
#Rsun(m)
#ObserverTime
#ObserverName R_OBS(m) CRLT_OBS(degrees) CRLN_OBS(degrees)
#npoint_tot npoint_ssw npoint_fsw npoint_m
#SSW/FSW/M     i       density(%)             R(m)    CRLT(degrees)    CRLN(degrees)          DIST(m)    HPLT(degrees)    HPLN(degrees) 
 1
6.95700000E+08
2026-10-06 06:00:00
BEPI  6.84794232E+10 -2.38175511E+00  1.34916016E+02 
67 32 35 0
       SSW     0  1.00000000E+01   6.95700000E+08  -1.15000000E+01   1.61500000E+02   1.49291470E+11  -6.60330889E-02  -2.34161648E-01  
       SSW     1  8.00000000E+00   6.95700000E+08  -1.25000000E+01   1.61500000E+02   1.49293931E+11  -7.05124138E-02  -2.33290710E-01  
       SSW     2  8.00000000E+00   6.95700000E+08  -1.05000000E+01   1.61500000E+02   1.49289096E+11  -6.15334660E-02  -2.34961149E-01  
       SSW     3  7.00000000E+00   6.95700000E+08  -5.00000000E-01   1.62500000E+02   1.49259545E+11  -1.61952102E-02  -2.36885139E-01  
       SSW     4  6.00000000E+00   6.95700000E+08   3.50000000E+00   1.64500000E+02   1.49233439E+11   1.42521643E-03  -2.32054065E-01  
       SSW     5  5.00000000E+00   6.95700000E+08  -9.50000000E+00   1.61500000E+02   1.49286811E+11  -5.70149227E-02  -2.35688964E-01  
       SSW     6  4.00000000E+00   6.95700000E+08  -1.35000000E+01   1.61500000E+02   1.49296478E+11  -7.49700696E-02  -2.32348606E-01  
       SSW     7  4.00000000E+00   6.95700000E+08  -1.25000000E+01   1.62500000E+02   1.49283415E+11  -7.09737882E-02  -2.31241978E-01  
       SSW     8  4.00000000E+00   6.95700000E+08  -1.15000000E+01   1.62500000E+02   1.49280915E+11  -6.64958692E-02  -2.32105328E-01  
       SSW     9  4.00000000E+00   6.95700000E+08  -1.50000000E+00   1.62500000E+02   1.49261012E+11  -2.08213903E-02  -2.36810660E-01  
       SSW    10  4.00000000E+00   6.95700000E+08   1.50000000E+00   1.63500000E+02   1.49246230E+11  -7.39288786E-03  -2.34646848E-01  
       SSW    11  4.00000000E+00   6.95700000E+08   4.50000000E+00   1.65500000E+02   1.49222046E+11   5.61137834E-03  -2.29465207E-01  
       SSW    12  3.00000000E+00   6.95700000E+08  -1.05000000E+01   1.62500000E+02   1.49278505E+11  -6.19975073E-02  -2.32897864E-01  
       SSW    13  3.00000000E+00   6.95700000E+08  -2.50000000E+00   1.62500000E+02   1.49262576E+11  -2.54411208E-02  -2.36663895E-01  
       SSW    14  3.00000000E+00   6.95700000E+08   5.00000000E-01   1.62500000E+02   1.49258175E+11  -1.15639985E-02  -2.36887308E-01  
       SSW    15  2.00000000E+00   6.95700000E+08  -1.35000000E+01   1.60500000E+02   1.49307042E+11  -7.45062936E-02  -2.34317931E-01  
       SSW    16  2.00000000E+00   6.95700000E+08  -1.25000000E+01   1.60500000E+02   1.49304538E+11  -7.00470741E-02  -2.35267953E-01  
       SSW    17  2.00000000E+00   6.95700000E+08  -8.50000000E+00   1.61500000E+02   1.49284615E+11  -5.24788427E-02  -2.36344867E-01  
       SSW    18  2.00000000E+00   6.95700000E+08  -7.50000000E+00   1.61500000E+02   1.49282508E+11  -4.79266149E-02  -2.36928655E-01  
       SSW    19  2.00000000E+00   6.95700000E+08   3.50000000E+00   1.65500000E+02   1.49222985E+11   9.71595822E-04  -2.29743991E-01  
       SSW    20  2.00000000E+00   6.95700000E+08   4.50000000E+00   1.64500000E+02   1.49232487E+11   6.06412391E-03  -2.31772497E-01  
       SSW    21  1.00000000E+00   6.95700000E+08  -1.95000000E+01   1.81500000E+02   1.49131174E+11  -1.09228294E-01  -1.73452369E-01  
       SSW    22  1.00000000E+00   6.95700000E+08  -1.95000000E+01   1.84500000E+02   1.49108274E+11  -1.10239009E-01  -1.63675605E-01  
       SSW    23  1.00000000E+00   6.95700000E+08  -1.45000000E+01   1.60500000E+02   1.49309629E+11  -7.89426253E-02  -2.33296438E-01  
       SSW    24  1.00000000E+00   6.95700000E+08  -1.25000000E+01   1.59500000E+02   1.49315232E+11  -6.95779126E-02  -2.37173115E-01  
       SSW    25  1.00000000E+00   6.95700000E+08  -1.05000000E+01   1.60500000E+02   1.49299779E+11  -6.10654369E-02  -2.36952428E-01  
       SSW    26  1.00000000E+00   6.95700000E+08  -2.50000000E+00   1.61500000E+02   1.49273338E+11  -2.49722116E-02  -2.38760270E-01  
       SSW    27  1.00000000E+00   6.95700000E+08  -1.50000000E+00   1.61500000E+02   1.49271781E+11  -2.03525236E-02  -2.38908323E-01  
       SSW    28  1.00000000E+00   6.95700000E+08   2.50000000E+00   1.63500000E+02   1.49245062E+11  -2.75526261E-03  -2.34505707E-01  
       SSW    29  1.00000000E+00   6.95700000E+08   2.50000000E+00   1.64500000E+02   1.49234495E+11  -3.21406375E-03  -2.32264782E-01  
       SSW    30  1.00000000E+00   6.95700000E+08   5.50000000E+00   1.65500000E+02   1.49221216E+11   1.02495025E-02  -2.29116355E-01  
       SSW    31  1.00000000E+00   6.95700000E+08   5.50000000E+00   1.66500000E+02   1.49210896E+11   9.80232663E-03  -2.26742269E-01  
       FSW     0  1.40000000E+01   6.95700000E+08  -1.15000000E+01   1.59500000E+02   1.49312851E+11  -6.50957407E-02  -2.38058420E-01  
       FSW     1  1.20000000E+01   6.95700000E+08  -1.25000000E+01   1.58500000E+02   1.49326012E+11  -6.91050737E-02  -2.39005628E-01  
       FSW     2  1.00000000E+01   6.95700000E+08  -1.05000000E+01   1.59500000E+02   1.49310551E+11  -6.05935643E-02  -2.38871108E-01  
       FSW     3  6.00000000E+00   6.95700000E+08  -1.35000000E+01   1.57500000E+02   1.49339247E+11  -7.30926873E-02  -2.39792938E-01  
       FSW     4  5.00000000E+00   6.95700000E+08  -1.25000000E+01   1.59500000E+02   1.49315232E+11  -6.95779126E-02  -2.37173115E-01  
       FSW     5  4.00000000E+00   6.95700000E+08  -9.50000000E+00   1.59500000E+02   1.49308332E+11  -5.60727612E-02  -2.39610928E-01  
       FSW     6  4.00000000E+00   6.95700000E+08   1.50000000E+00   1.61500000E+02   1.49267672E+11  -6.46129740E-03  -2.38914886E-01  
       FSW     7  3.00000000E+00   6.95700000E+08  -1.45000000E+01   1.57500000E+02   1.49341694E+11  -7.75342279E-02  -2.38747802E-01  
       FSW     8  3.00000000E+00   6.95700000E+08  -1.35000000E+01   1.58500000E+02   1.49328430E+11  -7.35674579E-02  -2.38040652E-01  
       FSW     9  3.00000000E+00   6.95700000E+08  -1.15000000E+01   1.60500000E+02   1.49302116E+11  -6.55663314E-02  -2.36146210E-01  
       FSW    10  3.00000000E+00   6.95700000E+08  -5.00000000E-01   1.60500000E+02   1.49281183E+11  -1.52538228E-02  -2.41008530E-01  
       FSW    11  3.00000000E+00   6.95700000E+08  -5.00000000E-01   1.61500000E+02   1.49270317E+11  -1.57265299E-02  -2.38983457E-01  
       FSW    12  3.00000000E+00   6.95700000E+08   5.00000000E-01   1.61500000E+02   1.49268947E+11  -1.10956481E-02  -2.38985645E-01  
       FSW    13  2.00000000E+00   6.95700000E+08  -1.55000000E+01   1.57500000E+02   1.49344213E+11  -8.19519666E-02  -2.37629863E-01  
       FSW    14  2.00000000E+00   6.95700000E+08  -1.45000000E+01   1.56500000E+02   1.49352541E+11  -7.70578447E-02  -2.40419430E-01  
       FSW    15  2.00000000E+00   6.95700000E+08  -4.50000000E+00   1.60500000E+02   1.49287563E+11  -3.37144232E-02  -2.40264490E-01  
       FSW    16  2.00000000E+00   6.95700000E+08  -2.50000000E+00   1.60500000E+02   1.49284194E+11  -2.44992737E-02  -2.40783468E-01  
       FSW    17  2.00000000E+00   6.95700000E+08  -2.50000000E+00   1.61500000E+02   1.49273338E+11  -2.49722116E-02  -2.38760270E-01  
       FSW    18  1.00000000E+00   6.95700000E+08  -1.65000000E+01   1.54500000E+02   1.49379247E+11  -8.49178979E-02  -2.41187266E-01  
       FSW    19  1.00000000E+00   6.95700000E+08  -1.55000000E+01   1.55500000E+02   1.49365879E+11  -8.09998199E-02  -2.40884381E-01  
       FSW    20  1.00000000E+00   6.95700000E+08  -1.55000000E+01   1.56500000E+02   1.49355009E+11  -8.14774946E-02  -2.39293745E-01  
       FSW    21  1.00000000E+00   6.95700000E+08  -1.35000000E+01   1.56500000E+02   1.49350141E+11  -7.26145428E-02  -2.41471807E-01  
       FSW    22  1.00000000E+00   6.95700000E+08  -1.35000000E+01   1.60500000E+02   1.49307042E+11  -7.45062936E-02  -2.34317931E-01  
       FSW    23  1.00000000E+00   6.95700000E+08  -1.15000000E+01   1.58500000E+02   1.49323671E+11  -6.46214616E-02  -2.39897709E-01  
       FSW    24  1.00000000E+00   6.95700000E+08  -1.05000000E+01   1.60500000E+02   1.49299779E+11  -6.10654369E-02  -2.36952428E-01  
       FSW    25  1.00000000E+00   6.95700000E+08  -9.50000000E+00   1.60500000E+02   1.49297527E+11  -5.65457682E-02  -2.37686359E-01  
       FSW    26  1.00000000E+00   6.95700000E+08  -7.50000000E+00   1.59500000E+02   1.49304142E+11  -4.69808152E-02  -2.40871066E-01  
       FSW    27  1.00000000E+00   6.95700000E+08  -7.50000000E+00   1.60500000E+02   1.49293280E+11  -4.74556486E-02  -2.38936466E-01  
       FSW    28  1.00000000E+00   6.95700000E+08  -5.50000000E+00   1.60500000E+02   1.49289381E+11  -3.83071048E-02  -2.39894974E-01  
       FSW    29  1.00000000E+00   6.95700000E+08  -1.50000000E+00   1.60500000E+02   1.49282643E+11  -1.98796286E-02  -2.40932765E-01  
       FSW    30  1.00000000E+00   6.95700000E+08   2.50000000E+00   1.62500000E+02   1.49255728E+11  -2.29215980E-03  -2.36674729E-01  
       FSW    31  1.00000000E+00   6.95700000E+08   3.50000000E+00   1.62500000E+02   1.49254652E+11   2.34562475E-03  -2.36460043E-01  
       FSW    32  1.00000000E+00   6.95700000E+08   3.50000000E+00   1.63500000E+02   1.49243996E+11   1.88327321E-03  -2.34292973E-01  
       FSW    33  1.00000000E+00   6.95700000E+08   3.50000000E+00   1.89500000E+02   1.49010779E+11  -8.24334592E-03  -1.55070443E-01  
       FSW    34  1.00000000E+00   6.95700000E+08   4.50000000E+00   1.62500000E+02   1.49253675E+11   6.98275706E-03  -2.36173169E-01  
