#ObserverName coordinate is given in the HelioGraphic Carrington coordinate system HGC (R,CRLT,CRLN).
#ObserverName is the center of Helioprojective coordinate system HPC (DIST,HPLT,HPLN).
#CROTA2=0. Sun North is up.
#List of points is given using spherical (r,lat,lon) representation in the HGC and HPC coordinate systems.
#A probability density is given for each point.
#FSS stands for Fast Solar Wind.
#SSW stands for Slow Solar Wind.
#M stands for Measured Solar Wind Speed 
#Data is formatted as follow:
#nVersion
#Rsun(m)
#ObserverTime
#ObserverName R_OBS(m) CRLT_OBS(degrees) CRLN_OBS(degrees)
#npoint_tot npoint_ssw npoint_fsw npoint_m
#SSW/FSW/M     i       density(%)             R(m)    CRLT(degrees)    CRLN(degrees)          DIST(m)    HPLT(degrees)    HPLN(degrees) 
 1
6.95700000E+08
2026-10-07 00:00:00
STA  1.44596606E+11 -1.12589513E+00  2.85392070E+02 
48 18 30 0
       SSW     0  3.60000000E+01   6.95700000E+08  -6.50000000E+00   1.75000000E+01   1.50208814E+11  -1.74738503E-03   7.97688534E-02  
       SSW     1  3.40000000E+01   6.95700000E+08  -7.50000000E+00   1.65000000E+01   1.50205058E+11  -6.53547682E-03   8.39645806E-02  
       SSW     2  5.00000000E+00   6.95700000E+08  -7.50000000E+00   1.75000000E+01   1.50208760E+11  -6.37568636E-03   7.95981165E-02  
       SSW     3  3.00000000E+00   6.95700000E+08   2.50000000E+00   2.85000000E+01   1.50227911E+11   4.09493841E-02   3.05151558E-02  
       SSW     4  3.00000000E+00   6.95700000E+08   2.50000000E+00   2.95000000E+01   1.50229188E+11   4.10041093E-02   2.59147204E-02  
       SSW     5  3.00000000E+00   6.95700000E+08   3.50000000E+00   2.95000000E+01   1.50227213E+11   4.55732442E-02   2.58913688E-02  
       SSW     6  3.00000000E+00   6.95700000E+08   5.50000000E+00   3.15000000E+01   1.50224564E+11   5.47512371E-02   1.66315883E-02  
       SSW     7  2.00000000E+00   6.95700000E+08  -6.50000000E+00   1.65000000E+01   1.50205104E+11  -1.90740392E-03   8.41446879E-02  
       SSW     8  2.00000000E+00   6.95700000E+08  -6.50000000E+00   1.85000000E+01   1.50212325E+11  -1.59593691E-03   7.53690373E-02  
       SSW     9  1.00000000E+00   6.95700000E+08  -5.50000000E+00   1.85000000E+01   1.50212184E+11   3.03306706E-03   7.55074970E-02  
       SSW    10  1.00000000E+00   6.95700000E+08  -5.50000000E+00   1.95000000E+01   1.50215502E+11   3.17605963E-03   7.10768964E-02  
       SSW    11  1.00000000E+00   6.95700000E+08  -4.50000000E+00   1.95000000E+01   1.50215163E+11   7.80427520E-03   7.11856750E-02  
       SSW    12  1.00000000E+00   6.95700000E+08  -4.50000000E+00   2.05000000E+01   1.50218285E+11   7.93870937E-03   6.67268940E-02  
       SSW    13  1.00000000E+00   6.95700000E+08  -2.50000000E+00   2.15000000E+01   1.50219931E+11   1.73126366E-02   6.23816420E-02  
       SSW    14  1.00000000E+00   6.95700000E+08  -1.50000000E+00   2.25000000E+01   1.50221711E+11   2.20466770E-02   5.79100926E-02  
       SSW    15  1.00000000E+00   6.95700000E+08  -1.50000000E+00   2.35000000E+01   1.50224230E+11   2.21549243E-02   5.33827132E-02  
       SSW    16  1.00000000E+00   6.95700000E+08   9.50000000E+00   3.35000000E+01   1.50214025E+11   7.27799379E-02   7.35471080E-03  
       SSW    17  1.00000000E+00   6.95700000E+08   2.05000000E+01   3.39500000E+02   1.49884895E+11   1.08285358E-01   2.05562205E-01  
       FSW     0  1.50000000E+01   6.95700000E+08  -7.50000000E+00   2.94500000E+02   1.49430683E+11  -4.00453777E-02   2.59947319E-01  
       FSW     1  1.20000000E+01   6.95700000E+08  -4.50000000E+00   2.97500000E+02   1.49461584E+11  -2.47311768E-02   2.63532055E-01  
       FSW     2  8.00000000E+00   6.95700000E+08  -5.50000000E+00   2.98500000E+02   1.49475001E+11  -2.88162611E-02   2.63679789E-01  
       FSW     3  7.00000000E+00   6.95700000E+08  -7.50000000E+00   2.98500000E+02   1.49478015E+11  -3.79921890E-02   2.62627803E-01  
       FSW     4  7.00000000E+00   6.95700000E+08  -3.50000000E+00   2.96500000E+02   1.49448187E+11  -2.06380360E-02   2.63222020E-01  
       FSW     5  7.00000000E+00   6.95700000E+08  -3.50000000E+00   2.97500000E+02   1.49460117E+11  -2.01220008E-02   2.63856471E-01  
       FSW     6  5.00000000E+00   6.95700000E+08  -6.50000000E+00   2.98500000E+02   1.49476497E+11  -3.34093620E-02   2.63193895E-01  
       FSW     7  4.00000000E+00   6.95700000E+08  -7.50000000E+00   2.93500000E+02   1.49418935E+11  -4.05550951E-02   2.59078226E-01  
       FSW     8  4.00000000E+00   6.95700000E+08   5.50000000E+00   2.90500000E+02   1.49365630E+11   1.79240453E-02   2.57049000E-01  
       FSW     9  3.00000000E+00   6.95700000E+08  -8.50000000E+00   2.93500000E+02   1.49420620E+11  -4.51217458E-02   2.58440594E-01  
       FSW    10  3.00000000E+00   6.95700000E+08  -8.50000000E+00   2.94500000E+02   1.49432339E+11  -4.46129246E-02   2.59307598E-01  
       FSW    11  2.00000000E+00   6.95700000E+08  -1.05000000E+01   2.93500000E+02   1.49424102E+11  -5.42120778E-02   2.56929230E-01  
       FSW    12  2.00000000E+00   6.95700000E+08  -8.50000000E+00   2.95500000E+02   1.49444095E+11  -4.41025175E-02   2.60095420E-01  
       FSW    13  2.00000000E+00   6.95700000E+08  -8.50000000E+00   2.96500000E+02   1.49455885E+11  -4.35906807E-02   2.60803836E-01  
       FSW    14  2.00000000E+00   6.95700000E+08  -5.50000000E+00   2.97500000E+02   1.49463076E+11  -2.93327241E-02   2.63127326E-01  
       FSW    15  2.00000000E+00   6.95700000E+08  -4.50000000E+00   2.96500000E+02   1.49449668E+11  -2.52469449E-02   2.62898358E-01  
       FSW    16  2.00000000E+00   6.95700000E+08  -2.50000000E+00   2.96500000E+02   1.49446735E+11  -1.60227460E-02   2.63465456E-01  
       FSW    17  1.00000000E+00   6.95700000E+08  -5.65000000E+01   3.04500000E+02   1.49607579E+11  -2.20958226E-01   1.47048164E-01  
       FSW    18  1.00000000E+00   6.95700000E+08  -5.55000000E+01   3.02500000E+02   1.49593056E+11  -2.18988923E-01   1.50769690E-01  
       FSW    19  1.00000000E+00   6.95700000E+08  -2.15000000E+01   2.88500000E+02   1.49391339E+11  -1.05113124E-01   2.37896210E-01  
       FSW    20  1.00000000E+00   6.95700000E+08  -1.55000000E+01   2.91500000E+02   1.49410743E+11  -7.76137347E-02   2.49864776E-01  
       FSW    21  1.00000000E+00   6.95700000E+08  -1.15000000E+01   2.92500000E+02   1.49414330E+11  -5.92364387E-02   2.55118568E-01  
       FSW    22  1.00000000E+00   6.95700000E+08  -9.50000000E+00   2.92500000E+02   1.49410696E+11  -5.01805651E-02   2.56780813E-01  
       FSW    23  1.00000000E+00   6.95700000E+08  -9.50000000E+00   2.93500000E+02   1.49422342E+11  -4.96745366E-02   2.57724188E-01  
       FSW    24  1.00000000E+00   6.95700000E+08  -8.50000000E+00   2.97500000E+02   1.49467706E+11  -4.30775707E-02   2.61432651E-01  
       FSW    25  1.00000000E+00   6.95700000E+08  -6.50000000E+00   2.94500000E+02   1.49429064E+11  -3.54655231E-02   2.60507811E-01  
       FSW    26  1.00000000E+00   6.95700000E+08  -3.50000000E+00   2.95500000E+02   1.49436287E+11  -2.11527914E-02   2.62507227E-01  
       FSW    27  1.00000000E+00   6.95700000E+08   1.50000000E+00   2.99500000E+02   1.49477162E+11   4.02223098E-03   2.65299943E-01  
       FSW    28  1.00000000E+00   6.95700000E+08   1.95000000E+01   3.38500000E+02   1.49879074E+11   1.03649247E-01   2.09319987E-01  
       FSW    29  1.00000000E+00   6.95700000E+08   2.05000000E+01   3.38500000E+02   1.49875534E+11   1.07888488E-01   2.07999397E-01  
