#ObserverName coordinate is given in the HelioGraphic Carrington coordinate system HGC (R,CRLT,CRLN).
#ObserverName is the center of Helioprojective coordinate system HPC (DIST,HPLT,HPLN).
#CROTA2=0. Sun North is up.
#List of points is given using spherical (r,lat,lon) representation in the HGC and HPC coordinate systems.
#A probability density is given for each point.
#FSS stands for Fast Solar Wind.
#SSW stands for Slow Solar Wind.
#M stands for Measured Solar Wind Speed 
#Data is formatted as follow:
#nVersion
#Rsun(m)
#ObserverTime
#ObserverName R_OBS(m) CRLT_OBS(degrees) CRLN_OBS(degrees)
#npoint_tot npoint_ssw npoint_fsw npoint_m
#SSW/FSW/M     i       density(%)             R(m)    CRLT(degrees)    CRLN(degrees)          DIST(m)    HPLT(degrees)    HPLN(degrees) 
 1
6.95700000E+08
2026-10-06 12:00:00
STA  1.44592653E+11 -1.06052370E+00  2.91971297E+02 
51 25 26 0
       SSW     0  2.50000000E+01   6.95700000E+08  -6.50000000E+00   1.75000000E+01   1.50201771E+11  -2.83661151E-03   1.08116165E-01  
       SSW     1  1.80000000E+01   6.95700000E+08  -7.50000000E+00   1.65000000E+01   1.50196804E+11  -7.67840077E-03   1.12060139E-01  
       SSW     2  1.10000000E+01   6.95700000E+08  -7.50000000E+00   1.75000000E+01   1.50201783E+11  -7.46253273E-03   1.07884706E-01  
       SSW     3  6.00000000E+00   6.95700000E+08   3.50000000E+00   3.05000000E+01   1.50238385E+11   4.52758325E-02   5.14694633E-02  
       SSW     4  4.00000000E+00   6.95700000E+08   2.50000000E+00   2.85000000E+01   1.50235283E+11   4.04886466E-02   6.05606262E-02  
       SSW     5  3.00000000E+00   6.95700000E+08  -5.50000000E+00   1.95000000E+01   1.50210990E+11   2.19818912E-03   9.98341716E-02  
       SSW     6  3.00000000E+00   6.95700000E+08  -4.50000000E+00   1.95000000E+01   1.50210606E+11   6.82478690E-03   9.99869913E-02  
       SSW     7  3.00000000E+00   6.95700000E+08  -5.00000000E-01   2.45000000E+01   1.50227367E+11   2.61702675E-02   7.84901938E-02  
       SSW     8  3.00000000E+00   6.95700000E+08   7.50000000E+00   3.25000000E+01   1.50232683E+11   6.35823100E-02   4.20898225E-02  
       SSW     9  2.00000000E+00   6.95700000E+08  -4.50000000E+00   2.05000000E+01   1.50215036E+11   7.01641393E-03   9.56944189E-02  
       SSW    10  2.00000000E+00   6.95700000E+08  -2.50000000E+00   2.15000000E+01   1.50217936E+11   1.64455542E-02   9.15691947E-02  
       SSW    11  2.00000000E+00   6.95700000E+08  -1.50000000E+00   2.25000000E+01   1.50221021E+11   2.12366245E-02   8.72647639E-02  
       SSW    12  2.00000000E+00   6.95700000E+08   5.00000000E-01   2.55000000E+01   1.50229463E+11   3.09209907E-02   7.40538918E-02  
       SSW    13  2.00000000E+00   6.95700000E+08   2.50000000E+00   2.95000000E+01   1.50237922E+11   4.06022472E-02   5.60466771E-02  
       SSW    14  2.00000000E+00   6.95700000E+08   3.50000000E+00   2.95000000E+01   1.50235952E+11   4.51712137E-02   5.59961717E-02  
       SSW    15  2.00000000E+00   6.95700000E+08   5.50000000E+00   3.15000000E+01   1.50236050E+11   5.44666422E-02   4.67999603E-02  
       SSW    16  2.00000000E+00   6.95700000E+08   6.50000000E+00   3.15000000E+01   1.50233464E+11   5.89902844E-02   4.67149941E-02  
       SSW    17  1.00000000E+00   6.95700000E+08  -6.50000000E+00   1.65000000E+01   1.50196781E+11  -3.05278903E-03   1.12300564E-01  
       SSW    18  1.00000000E+00   6.95700000E+08  -2.50000000E+00   2.25000000E+01   1.50221983E+11   1.66203713E-02   8.72110320E-02  
       SSW    19  1.00000000E+00   6.95700000E+08  -1.50000000E+00   2.35000000E+01   1.50224873E+11   2.14028725E-02   8.28776784E-02  
       SSW    20  1.00000000E+00   6.95700000E+08  -5.00000000E-01   2.55000000E+01   1.50230821E+11   2.63192062E-02   7.40532194E-02  
       SSW    21  1.00000000E+00   6.95700000E+08   4.50000000E+00   3.05000000E+01   1.50236208E+11   4.98310269E-02   5.14074320E-02  
       SSW    22  1.00000000E+00   6.95700000E+08   6.50000000E+00   3.25000000E+01   1.50235476E+11   5.90766389E-02   4.21793322E-02  
       SSW    23  1.00000000E+00   6.95700000E+08   8.50000000E+00   3.45000000E+01   1.50233080E+11   6.82142143E-02   3.29209809E-02  
       SSW    24  1.00000000E+00   6.95700000E+08   9.50000000E+00   3.55000000E+01   1.50231258E+11   7.27390725E-02   2.82944611E-02  
       FSW     0  4.60000000E+01   6.95700000E+08   1.95000000E+01   3.37500000E+02   1.49825049E+11   1.00504843E-01   2.25803542E-01  
       FSW     1  1.10000000E+01   6.95700000E+08  -7.50000000E+00   2.93500000E+02   1.49363731E+11  -4.38997607E-02   2.51340676E-01  
       FSW     2  9.00000000E+00   6.95700000E+08  -6.50000000E+00   2.93500000E+02   1.49361915E+11  -3.93264417E-02   2.51882940E-01  
       FSW     3  4.00000000E+00   6.95700000E+08  -9.50000000E+00   2.92500000E+02   1.49356262E+11  -5.34973056E-02   2.48571823E-01  
       FSW     4  4.00000000E+00   6.95700000E+08  -8.50000000E+00   2.93500000E+02   1.49365609E+11  -4.84595766E-02   2.50721762E-01  
       FSW     5  4.00000000E+00   6.95700000E+08   2.05000000E+01   3.37500000E+02   1.49821977E+11   1.04765082E-01   2.24378259E-01  
       FSW     6  2.00000000E+00   6.95700000E+08  -1.75000000E+01   2.90500000E+02   1.49352669E+11  -9.00905988E-02   2.37300643E-01  
       FSW     7  2.00000000E+00   6.95700000E+08   1.95000000E+01   3.38500000E+02   1.49835228E+11   1.00938805E-01   2.23849472E-01  
       FSW     8  1.00000000E+00   6.95700000E+08  -5.85000000E+01   3.09500000E+02   1.49620531E+11  -2.26318408E-01   1.39097739E-01  
       FSW     9  1.00000000E+00   6.95700000E+08  -5.85000000E+01   3.11500000E+02   1.49633131E+11  -2.25753712E-01   1.39188366E-01  
       FSW    10  1.00000000E+00   6.95700000E+08  -5.85000000E+01   3.13500000E+02   1.49645731E+11  -2.25189041E-01   1.39109412E-01  
       FSW    11  1.00000000E+00   6.95700000E+08  -5.75000000E+01   3.06500000E+02   1.49600015E+11  -2.24757982E-01   1.42573024E-01  
       FSW    12  1.00000000E+00   6.95700000E+08  -5.75000000E+01   3.17500000E+02   1.49671182E+11  -2.21569805E-01   1.42364962E-01  
       FSW    13  1.00000000E+00   6.95700000E+08  -5.65000000E+01   3.00500000E+02   1.49558829E+11  -2.24054181E-01   1.44299359E-01  
       FSW    14  1.00000000E+00   6.95700000E+08  -5.65000000E+01   3.02500000E+02   1.49571936E+11  -2.23466929E-01   1.45196522E-01  
       FSW    15  1.00000000E+00   6.95700000E+08  -5.65000000E+01   3.03500000E+02   1.49578518E+11  -2.23172048E-01   1.45578743E-01  
       FSW    16  1.00000000E+00   6.95700000E+08  -5.55000000E+01   2.95500000E+02   1.49522930E+11  -2.23044469E-01   1.44996368E-01  
       FSW    17  1.00000000E+00   6.95700000E+08  -5.45000000E+01   2.91500000E+02   1.49492760E+11  -2.21709923E-01   1.45309351E-01  
       FSW    18  1.00000000E+00   6.95700000E+08  -1.45000000E+01   2.91500000E+02   1.49356059E+11  -7.64250727E-02   2.42480265E-01  
       FSW    19  1.00000000E+00   6.95700000E+08  -1.35000000E+01   2.92500000E+02   1.49364784E+11  -7.14946586E-02   2.45050758E-01  
       FSW    20  1.00000000E+00   6.95700000E+08  -1.25000000E+01   2.92500000E+02   1.49362559E+11  -6.70248097E-02   2.46043835E-01  
       FSW    21  1.00000000E+00   6.95700000E+08  -1.15000000E+01   2.92500000E+02   1.49360396E+11  -6.25343852E-02   2.46961890E-01  
       FSW    22  1.00000000E+00   6.95700000E+08  -8.50000000E+00   2.92500000E+02   1.49354291E+11  -4.89534133E-02   2.49263202E-01  
       FSW    23  1.00000000E+00   6.95700000E+08   4.50000000E+00   2.89500000E+02   1.49300976E+11   9.51421195E-03   2.46417133E-01  
       FSW    24  1.00000000E+00   6.95700000E+08   5.50000000E+00   2.87500000E+02   1.49277897E+11   1.31883329E-02   2.42423304E-01  
       FSW    25  1.00000000E+00   6.95700000E+08   2.05000000E+01   3.38500000E+02   1.49832091E+11   1.05196018E-01   2.22436618E-01  
