#ObserverName coordinate is given in the HelioGraphic Carrington coordinate system HGC (R,CRLT,CRLN).
#ObserverName is the center of Helioprojective coordinate system HPC (DIST,HPLT,HPLN).
#CROTA2=0. Sun North is up.
#List of points is given using spherical (r,lat,lon) representation in the HGC and HPC coordinate systems.
#A probability density is given for each point.
#FSS stands for Fast Solar Wind.
#SSW stands for Slow Solar Wind.
#M stands for Measured Solar Wind Speed 
#Data is formatted as follow:
#nVersion
#Rsun(m)
#ObserverTime
#ObserverName R_OBS(m) CRLT_OBS(degrees) CRLN_OBS(degrees)
#npoint_tot npoint_ssw npoint_fsw npoint_m
#SSW/FSW/M     i       density(%)             R(m)    CRLT(degrees)    CRLN(degrees)          DIST(m)    HPLT(degrees)    HPLN(degrees) 
 1
6.95700000E+08
2026-10-09 06:00:00
STA  1.44613501E+11 -1.41883202E+00  2.55785517E+02 
52 12 40 0
       SSW     0  6.30000000E+01   6.95700000E+08   1.95000000E+01   3.38500000E+02   1.50006330E+11   1.12618960E-01   1.13430043E-01  
       SSW     1  2.00000000E+01   6.95700000E+08   1.95000000E+01   3.37500000E+02   1.50001109E+11   1.12402414E-01   1.17314514E-01  
       SSW     2  5.00000000E+00   6.95700000E+08   2.05000000E+01   3.38500000E+02   1.50001419E+11   1.16799815E-01   1.12715450E-01  
       SSW     3  3.00000000E+00   6.95700000E+08  -5.45000000E+01   3.37500000E+02   1.49867833E+11  -2.00290291E-01   7.23347364E-02  
       SSW     4  2.00000000E+00   6.95700000E+08  -5.45000000E+01   3.35500000E+02   1.49861073E+11  -2.00584823E-01   7.70567573E-02  
       SSW     5  1.00000000E+00   6.95700000E+08  -5.55000000E+01   3.28500000E+02   1.49827013E+11  -2.04748244E-01   9.05323905E-02  
       SSW     6  1.00000000E+00   6.95700000E+08  -5.55000000E+01   3.29500000E+02   1.49831062E+11  -2.04571741E-01   8.84138307E-02  
       SSW     7  1.00000000E+00   6.95700000E+08  -5.45000000E+01   3.33500000E+02   1.49853889E+11  -2.00897807E-01   8.16855496E-02  
       SSW     8  1.00000000E+00   6.95700000E+08  -5.45000000E+01   3.38500000E+02   1.49871053E+11  -2.00150055E-01   6.99405502E-02  
       SSW     9  1.00000000E+00   6.95700000E+08  -4.50000000E+00   2.97500000E+02   1.49716415E+11  -9.84307869E-03   2.45965825E-01  
       SSW    10  1.00000000E+00   6.95700000E+08   2.05000000E+01   3.37500000E+02   1.49996231E+11   1.16584778E-01   1.16575424E-01  
       SSW    11  1.00000000E+00   6.95700000E+08   2.05000000E+01   3.39500000E+02   1.50006431E+11   1.17007573E-01   1.08821537E-01  
       FSW     0  8.00000000E+00   6.95700000E+08   1.50000000E+00   2.85500000E+02   1.49570479E+11   1.20361240E-02   2.62303280E-01  
       FSW     1  6.00000000E+00   6.95700000E+08   7.50000000E+00   2.79500000E+02   1.49490364E+11   3.66509946E-02   2.63695593E-01  
       FSW     2  6.00000000E+00   6.95700000E+08   8.50000000E+00   2.79500000E+02   1.49488929E+11   4.12271138E-02   2.63052085E-01  
       FSW     3  5.00000000E+00   6.95700000E+08  -6.50000000E+00   2.90500000E+02   1.49638790E+11  -2.24379817E-02   2.55560931E-01  
       FSW     4  5.00000000E+00   6.95700000E+08   2.50000000E+00   2.85500000E+02   1.49569078E+11   1.66536550E-02   2.62145915E-01  
       FSW     5  4.00000000E+00   6.95700000E+08  -7.50000000E+00   2.91500000E+02   1.49651238E+11  -2.65525333E-02   2.53755194E-01  
       FSW     6  4.00000000E+00   6.95700000E+08  -6.50000000E+00   2.89500000E+02   1.49627199E+11  -2.29292122E-02   2.56743169E-01  
       FSW     7  4.00000000E+00   6.95700000E+08   2.50000000E+00   2.84500000E+02   1.49557197E+11   1.61532729E-02   2.62939677E-01  
       FSW     8  4.00000000E+00   6.95700000E+08   3.50000000E+00   2.84500000E+02   1.49555771E+11   2.07666416E-02   2.62701783E-01  
       FSW     9  4.00000000E+00   6.95700000E+08   3.50000000E+00   2.85500000E+02   1.49567641E+11   2.12662049E-02   2.61908758E-01  
       FSW    10  4.00000000E+00   6.95700000E+08   5.50000000E+00   2.86500000E+02   1.49576462E+11   3.09666109E-02   2.60325197E-01  
       FSW    11  3.00000000E+00   6.95700000E+08  -6.50000000E+00   2.91500000E+02   1.49650327E+11  -2.19491306E-02   2.54301130E-01  
       FSW    12  3.00000000E+00   6.95700000E+08  -5.50000000E+00   2.89500000E+02   1.49626185E+11  -1.83201670E-02   2.57216326E-01  
       FSW    13  3.00000000E+00   6.95700000E+08   4.50000000E+00   2.85500000E+02   1.49566169E+11   2.58723716E-02   2.61591879E-01  
       FSW    14  3.00000000E+00   6.95700000E+08   8.50000000E+00   2.80500000E+02   1.49500824E+11   4.17261013E-02   2.62664141E-01  
       FSW    15  3.00000000E+00   6.95700000E+08   1.15000000E+01   2.83500000E+02   1.49531571E+11   5.68428308E-02   2.58630536E-01  
       FSW    16  2.00000000E+00   6.95700000E+08  -8.50000000E+00   2.91500000E+02   1.49652088E+11  -3.11478046E-02   2.53132072E-01  
       FSW    17  2.00000000E+00   6.95700000E+08  -8.50000000E+00   2.92500000E+02   1.49663513E+11  -3.06630141E-02   2.51801343E-01  
       FSW    18  2.00000000E+00   6.95700000E+08  -6.50000000E+00   2.92500000E+02   1.49661804E+11  -2.14628068E-02   2.52964165E-01  
       FSW    19  2.00000000E+00   6.95700000E+08  -2.50000000E+00   2.86500000E+02   1.49587560E+11  -5.95517233E-03   2.61260894E-01  
       FSW    20  2.00000000E+00   6.95700000E+08   5.00000000E-01   2.85500000E+02   1.49571844E+11   7.41501503E-03   2.62380807E-01  
       FSW    21  2.00000000E+00   6.95700000E+08   4.50000000E+00   2.87500000E+02   1.49589764E+11   2.68645420E-02   2.59769623E-01  
       FSW    22  2.00000000E+00   6.95700000E+08   1.05000000E+01   2.84500000E+02   1.49544925E+11   5.28074625E-02   2.58804340E-01  
       FSW    23  1.00000000E+00   6.95700000E+08  -1.05000000E+01   2.91500000E+02   1.49653605E+11  -4.03083802E-02   2.51655058E-01  
       FSW    24  1.00000000E+00   6.95700000E+08  -9.50000000E+00   2.90500000E+02   1.49641426E+11  -3.62198631E-02   2.53682354E-01  
       FSW    25  1.00000000E+00   6.95700000E+08  -7.50000000E+00   2.90500000E+02   1.49639726E+11  -2.70406889E-02   2.55012248E-01  
       FSW    26  1.00000000E+00   6.95700000E+08  -5.50000000E+00   2.88500000E+02   1.49614520E+11  -1.88141787E-02   2.58322695E-01  
       FSW    27  1.00000000E+00   6.95700000E+08  -3.50000000E+00   2.86500000E+02   1.49588765E+11  -1.05766423E-02   2.61019923E-01  
       FSW    28  1.00000000E+00   6.95700000E+08  -1.50000000E+00   2.85500000E+02   1.49574464E+11  -1.83231878E-03   2.62296287E-01  
       FSW    29  1.00000000E+00   6.95700000E+08  -5.00000000E-01   2.85500000E+02   1.49573172E+11   2.79173248E-03   2.62378475E-01  
       FSW    30  1.00000000E+00   6.95700000E+08   1.50000000E+00   2.84500000E+02   1.49558591E+11   1.15350744E-02   2.63097531E-01  
       FSW    31  1.00000000E+00   6.95700000E+08   3.50000000E+00   2.83500000E+02   1.49543867E+11   2.02656043E-02   2.63414965E-01  
       FSW    32  1.00000000E+00   6.95700000E+08   4.50000000E+00   2.86500000E+02   1.49577987E+11   2.63693432E-02   2.60720353E-01  
       FSW    33  1.00000000E+00   6.95700000E+08   6.50000000E+00   2.87500000E+02   1.49586636E+11   3.60473753E-02   2.58903312E-01  
       FSW    34  1.00000000E+00   6.95700000E+08   8.50000000E+00   2.75500000E+02   1.49441228E+11   3.92256843E-02   2.63802399E-01  
       FSW    35  1.00000000E+00   6.95700000E+08   1.05000000E+01   2.78500000E+02   1.49474183E+11   4.98444984E-02   2.61830917E-01  
       FSW    36  1.00000000E+00   6.95700000E+08   1.05000000E+01   2.82500000E+02   1.49521441E+11   5.18239873E-02   2.60130037E-01  
       FSW    37  1.00000000E+00   6.95700000E+08   1.15000000E+01   2.82500000E+02   1.49519853E+11   5.63524632E-02   2.59251765E-01  
       FSW    38  1.00000000E+00   6.95700000E+08   1.15000000E+01   2.84500000E+02   1.49543258E+11   5.73319096E-02   2.57930680E-01  
       FSW    39  1.00000000E+00   6.95700000E+08   1.25000000E+01   2.75500000E+02   1.49435989E+11   5.74230163E-02   2.60418780E-01  
