#ObserverName coordinate is given in the HelioGraphic Carrington coordinate system HGC (R,CRLT,CRLN).
#ObserverName is the center of Helioprojective coordinate system HPC (DIST,HPLT,HPLN).
#CROTA2=0. Sun North is up.
#List of points is given using spherical (r,lat,lon) representation in the HGC and HPC coordinate systems.
#A probability density is given for each point.
#FSS stands for Fast Solar Wind.
#SSW stands for Slow Solar Wind.
#M stands for Measured Solar Wind Speed 
#Data is formatted as follow:
#nVersion
#Rsun(m)
#ObserverTime
#ObserverName R_OBS(m) CRLT_OBS(degrees) CRLN_OBS(degrees)
#npoint_tot npoint_ssw npoint_fsw npoint_m
#SSW/FSW/M     i       density(%)             R(m)    CRLT(degrees)    CRLN(degrees)          DIST(m)    HPLT(degrees)    HPLN(degrees) 
 1
6.95700000E+08
2026-10-09 00:00:00
STA  1.44611696E+11 -1.38639182E+00  2.59075133E+02 
49 10 39 0
       SSW     0  6.20000000E+01   6.95700000E+08   1.95000000E+01   3.38500000E+02   1.49998988E+11   1.11925211E-01   1.26096990E-01  
       SSW     1  1.50000000E+01   6.95700000E+08   2.05000000E+01   3.38500000E+02   1.49994187E+11   1.16110446E-01   1.25302506E-01  
       SSW     2  9.00000000E+00   6.95700000E+08   2.05000000E+01   3.39500000E+02   1.49999772E+11   1.16342527E-01   1.21525194E-01  
       SSW     3  4.00000000E+00   6.95700000E+08  -5.35000000E+01   3.37500000E+02   1.49874762E+11  -1.97654932E-01   8.20091000E-02  
       SSW     4  4.00000000E+00   6.95700000E+08   1.95000000E+01   3.39500000E+02   1.50004609E+11   1.12158922E-01   1.22295700E-01  
       SSW     5  2.00000000E+00   6.95700000E+08   1.95000000E+01   3.37500000E+02   1.49993197E+11   1.11684375E-01   1.29860302E-01  
       SSW     6  1.00000000E+00   6.95700000E+08  -5.35000000E+01   3.38500000E+02   1.49878419E+11  -1.97495291E-01   7.96336335E-02  
       SSW     7  1.00000000E+00   6.95700000E+08  -5.35000000E+01   3.40500000E+02   1.49885409E+11  -1.97190213E-01   7.48111738E-02  
       SSW     8  1.00000000E+00   6.95700000E+08  -5.35000000E+01   3.42500000E+02   1.49891958E+11  -1.96904380E-01   6.98982283E-02  
       SSW     9  1.00000000E+00   6.95700000E+08  -7.50000000E+00   2.94500000E+02   1.49658447E+11  -2.66755267E-02   2.54120003E-01  
       FSW     0  1.40000000E+01   6.95700000E+08   3.50000000E+00   2.85500000E+02   1.49538972E+11   1.96198230E-02   2.64202568E-01  
       FSW     1  1.10000000E+01   6.95700000E+08  -6.50000000E+00   2.91500000E+02   1.49622708E+11  -2.35518514E-02   2.58143232E-01  
       FSW     2  8.00000000E+00   6.95700000E+08   3.50000000E+00   2.84500000E+02   1.49527004E+11   1.91147662E-02   2.64731366E-01  
       FSW     3  7.00000000E+00   6.95700000E+08  -6.50000000E+00   2.90500000E+02   1.49611004E+11  -2.40491669E-02   2.59145753E-01  
       FSW     4  4.00000000E+00   6.95700000E+08  -6.50000000E+00   2.92500000E+02   1.49634366E+11  -2.30565776E-02   2.57062322E-01  
       FSW     5  4.00000000E+00   6.95700000E+08   2.50000000E+00   2.85500000E+02   1.49540377E+11   1.50050363E-02   2.64441859E-01  
       FSW     6  4.00000000E+00   6.95700000E+08   8.50000000E+00   2.79500000E+02   1.49460194E+11   3.95742267E-02   2.63744966E-01  
       FSW     7  3.00000000E+00   6.95700000E+08   1.50000000E+00   2.85500000E+02   1.49541758E+11   1.03857673E-02   2.64600638E-01  
       FSW     8  3.00000000E+00   6.95700000E+08   4.50000000E+00   2.87500000E+02   1.49561371E+11   2.52333523E-02   2.62586037E-01  
       FSW     9  2.00000000E+00   6.95700000E+08  -8.50000000E+00   2.91500000E+02   1.49624652E+11  -3.27445557E-02   2.56956199E-01  
       FSW    10  2.00000000E+00   6.95700000E+08  -7.50000000E+00   2.91500000E+02   1.49623705E+11  -2.81525165E-02   2.57588901E-01  
       FSW    11  2.00000000E+00   6.95700000E+08  -5.50000000E+00   2.90500000E+02   1.49609937E+11  -1.94418283E-02   2.59623429E-01  
       FSW    12  2.00000000E+00   6.95700000E+08  -3.50000000E+00   2.87500000E+02   1.49572144E+11  -1.17169401E-02   2.62887761E-01  
       FSW    13  2.00000000E+00   6.95700000E+08   2.50000000E+00   2.84500000E+02   1.49528398E+11   1.44991523E-02   2.64971155E-01  
       FSW    14  2.00000000E+00   6.95700000E+08   3.50000000E+00   2.83500000E+02   1.49515014E+11   1.86087360E-02   2.65179641E-01  
       FSW    15  2.00000000E+00   6.95700000E+08   3.50000000E+00   2.86500000E+02   1.49550915E+11   2.01237532E-02   2.63593427E-01  
       FSW    16  2.00000000E+00   6.95700000E+08   4.50000000E+00   2.85500000E+02   1.49537544E+11   2.42287240E-02   2.63882835E-01  
       FSW    17  2.00000000E+00   6.95700000E+08   6.50000000E+00   2.86500000E+02   1.49546508E+11   3.39238066E-02   2.62396170E-01  
       FSW    18  2.00000000E+00   6.95700000E+08   7.50000000E+00   2.86500000E+02   1.49544987E+11   3.85052174E-02   2.61837117E-01  
       FSW    19  2.00000000E+00   6.95700000E+08   9.50000000E+00   2.79500000E+02   1.49458853E+11   4.41431543E-02   2.63019247E-01  
       FSW    20  2.00000000E+00   6.95700000E+08   1.05000000E+01   2.83500000E+02   1.49504907E+11   5.06891717E-02   2.61244143E-01  
       FSW    21  1.00000000E+00   6.95700000E+08  -8.50000000E+00   2.90500000E+02   1.49613001E+11  -3.32403001E-02   2.57954017E-01  
       FSW    22  1.00000000E+00   6.95700000E+08  -7.50000000E+00   2.89500000E+02   1.49600302E+11  -2.91476182E-02   2.59511007E-01  
       FSW    23  1.00000000E+00   6.95700000E+08  -7.50000000E+00   2.90500000E+02   1.49612025E+11  -2.86491232E-02   2.58589226E-01  
       FSW    24  1.00000000E+00   6.95700000E+08  -2.50000000E+00   2.86500000E+02   1.49558987E+11  -7.60144164E-03   2.63820397E-01  
       FSW    25  1.00000000E+00   6.95700000E+08  -5.00000000E-01   2.85500000E+02   1.49544446E+11   1.13940334E-03   2.64676500E-01  
       FSW    26  1.00000000E+00   6.95700000E+08   3.50000000E+00   2.82500000E+02   1.49503005E+11   1.81018861E-02   2.65547238E-01  
       FSW    27  1.00000000E+00   6.95700000E+08   4.50000000E+00   2.88500000E+02   1.49573237E+11   2.57335987E-02   2.61817804E-01  
       FSW    28  1.00000000E+00   6.95700000E+08   5.50000000E+00   2.87500000E+02   1.49559884E+11   2.98327106E-02   2.62187987E-01  
       FSW    29  1.00000000E+00   6.95700000E+08   6.50000000E+00   2.79500000E+02   1.49462879E+11   3.04018497E-02   2.64955154E-01  
       FSW    30  1.00000000E+00   6.95700000E+08   7.50000000E+00   2.79500000E+02   1.49461537E+11   3.49933266E-02   2.64390333E-01  
       FSW    31  1.00000000E+00   6.95700000E+08   8.50000000E+00   2.80500000E+02   1.49472127E+11   4.00761528E-02   2.63621423E-01  
       FSW    32  1.00000000E+00   6.95700000E+08   8.50000000E+00   2.86500000E+02   1.49543441E+11   4.30749997E-02   2.61198337E-01  
       FSW    33  1.00000000E+00   6.95700000E+08   9.50000000E+00   2.84500000E+02   1.49518242E+11   4.66390430E-02   2.61604029E-01  
       FSW    34  1.00000000E+00   6.95700000E+08   9.50000000E+00   2.85500000E+02   1.49530069E+11   4.71359569E-02   2.61081725E-01  
       FSW    35  1.00000000E+00   6.95700000E+08   1.05000000E+01   2.84500000E+02   1.49516720E+11   5.11851580E-02   2.60802831E-01  
       FSW    36  1.00000000E+00   6.95700000E+08   1.15000000E+01   2.82500000E+02   1.49491617E+11   5.47270727E-02   2.60722493E-01  
       FSW    37  1.00000000E+00   6.95700000E+08   1.25000000E+01   2.75500000E+02   1.49407715E+11   5.57875420E-02   2.60055964E-01  
       FSW    38  1.00000000E+00   6.95700000E+08   1.25000000E+01   2.83500000E+02   1.49501896E+11   5.97377550E-02   2.59400463E-01  
