#ObserverName coordinate is given in the HelioGraphic Carrington coordinate system HGC (R,CRLT,CRLN).
#ObserverName is the center of Helioprojective coordinate system HPC (DIST,HPLT,HPLN).
#CROTA2=0. Sun North is up.
#List of points is given using spherical (r,lat,lon) representation in the HGC and HPC coordinate systems.
#A probability density is given for each point.
#FSS stands for Fast Solar Wind.
#SSW stands for Slow Solar Wind.
#M stands for Measured Solar Wind Speed 
#Data is formatted as follow:
#nVersion
#Rsun(m)
#ObserverTime
#ObserverName R_OBS(m) CRLT_OBS(degrees) CRLN_OBS(degrees)
#npoint_tot npoint_ssw npoint_fsw npoint_m
#SSW/FSW/M     i       density(%)             R(m)    CRLT(degrees)    CRLN(degrees)          DIST(m)    HPLT(degrees)    HPLN(degrees) 
 1
6.95700000E+08
2026-10-09 00:00:00
BEPI  6.72707058E+10 -2.02327390E+00  1.03990397E+02 
69 33 36 0
       SSW     0  1.20000000E+01   6.95700000E+08  -1.15000000E+01   1.63500000E+02   1.48863247E+11  -7.91137410E-02  -1.11821484E-01  
       SSW     1  1.10000000E+01   6.95700000E+08  -1.25000000E+01   1.62500000E+02   1.48871969E+11  -8.33386623E-02  -1.15511059E-01  
       SSW     2  7.00000000E+00   6.95700000E+08  -9.50000000E+00   1.64500000E+02   1.48851622E+11  -7.03655840E-02  -1.08369031E-01  
       SSW     3  7.00000000E+00   6.95700000E+08  -8.50000000E+00   1.65500000E+02   1.48843750E+11  -6.60580686E-02  -1.04442766E-01  
       SSW     4  5.00000000E+00   6.95700000E+08  -1.05000000E+01   1.63500000E+02   1.48859842E+11  -7.46441987E-02  -1.12204056E-01  
       SSW     5  5.00000000E+00   6.95700000E+08  -1.05000000E+01   1.64500000E+02   1.48854859E+11  -7.48576431E-02  -1.08033692E-01  
       SSW     6  4.00000000E+00   6.95700000E+08  -5.50000000E+00   1.64500000E+02   1.48840547E+11  -5.21941671E-02  -1.09378168E-01  
       SSW     7  4.00000000E+00   6.95700000E+08   3.50000000E+00   1.65500000E+02   1.48821916E+11  -1.07112138E-02  -1.05421147E-01  
       SSW     8  3.00000000E+00   6.95700000E+08  -1.45000000E+01   1.60500000E+02   1.48890377E+11  -9.16909235E-02  -1.22577676E-01  
       SSW     9  3.00000000E+00   6.95700000E+08  -1.35000000E+01   1.62500000E+02   1.48875718E+11  -8.77587657E-02  -1.15043657E-01  
       SSW    10  3.00000000E+00   6.95700000E+08  -7.50000000E+00   1.65500000E+02   1.48840874E+11  -6.15243397E-02  -1.04701288E-01  
       SSW    11  3.00000000E+00   6.95700000E+08  -1.50000000E+00   1.65500000E+02   1.48827633E+11  -3.39725057E-02  -1.05577915E-01  
       SSW    12  3.00000000E+00   6.95700000E+08   2.50000000E+00   1.65500000E+02   1.48822669E+11  -1.53758595E-02  -1.05517089E-01  
       SSW    13  2.00000000E+00   6.95700000E+08  -1.65000000E+01   1.58500000E+02   1.48910001E+11  -9.99065672E-02  -1.29199087E-01  
       SSW    14  2.00000000E+00   6.95700000E+08  -1.65000000E+01   1.59500000E+02   1.48904242E+11  -1.00154206E-01  -1.25313823E-01  
       SSW    15  2.00000000E+00   6.95700000E+08  -1.55000000E+01   1.60500000E+02   1.48894432E+11  -9.60573965E-02  -1.22002444E-01  
       SSW    16  2.00000000E+00   6.95700000E+08  -1.35000000E+01   1.61500000E+02   1.48881016E+11  -8.75313879E-02  -1.19097915E-01  
       SSW    17  2.00000000E+00   6.95700000E+08  -1.25000000E+01   1.63500000E+02   1.48866835E+11  -8.35588785E-02  -1.11404731E-01  
       SSW    18  2.00000000E+00   6.95700000E+08  -4.50000000E+00   1.65500000E+02   1.48833390E+11  -4.78148397E-02  -1.05284478E-01  
       SSW    19  2.00000000E+00   6.95700000E+08  -3.50000000E+00   1.65500000E+02   1.48831278E+11  -4.32135977E-02  -1.05414544E-01  
       SSW    20  2.00000000E+00   6.95700000E+08  -2.50000000E+00   1.65500000E+02   1.48829359E+11  -3.85990120E-02  -1.05512366E-01  
       SSW    21  2.00000000E+00   6.95700000E+08   5.00000000E-01   1.65500000E+02   1.48824762E+11  -2.46894419E-02  -1.05612113E-01  
       SSW    22  2.00000000E+00   6.95700000E+08   4.50000000E+00   1.65500000E+02   1.48821358E+11  -6.04325038E-03  -1.05292954E-01  
       SSW    23  1.00000000E+00   6.95700000E+08  -1.55000000E+01   1.59500000E+02   1.48900042E+11  -9.58162986E-02  -1.25946101E-01  
       SSW    24  1.00000000E+00   6.95700000E+08  -1.45000000E+01   1.61500000E+02   1.48884920E+11  -9.19252648E-02  -1.18577665E-01  
       SSW    25  1.00000000E+00   6.95700000E+08  -9.50000000E+00   1.65500000E+02   1.48846813E+11  -7.05714118E-02  -1.04152308E-01  
       SSW    26  1.00000000E+00   6.95700000E+08  -5.50000000E+00   1.65500000E+02   1.48835694E+11  -5.24013192E-02  -1.05122211E-01  
       SSW    27  1.00000000E+00   6.95700000E+08  -5.00000000E-01   1.65500000E+02   1.48826100E+11  -2.93355056E-02  -1.05611167E-01  
       SSW    28  1.00000000E+00   6.95700000E+08   1.50000000E+00   1.65500000E+02   1.48823618E+11  -2.00357480E-02  -1.05580751E-01  
       SSW    29  1.00000000E+00   6.95700000E+08   3.50000000E+00   1.66500000E+02   1.48817242E+11  -1.09093773E-02  -1.01120574E-01  
       SSW    30  1.00000000E+00   6.95700000E+08   5.50000000E+00   1.65500000E+02   1.48820995E+11  -1.37340929E-03  -1.05132549E-01  
       SSW    31  1.00000000E+00   6.95700000E+08   6.50000000E+00   1.66500000E+02   1.48816176E+11   3.10004747E-03  -1.00659023E-01  
       SSW    32  1.00000000E+00   6.95700000E+08   9.50000000E+00   1.63500000E+02   1.48831312E+11   1.77099791E-02  -1.12571389E-01  
       FSW     0  1.20000000E+01   6.95700000E+08  -6.50000000E+00   8.35000000E+01   1.49651161E+11  -2.23431140E-02  -2.55358361E-01  
       FSW     1  9.00000000E+00   6.95700000E+08  -3.50000000E+00   8.35000000E+01   1.49648011E+11  -8.50040857E-03  -2.56536475E-01  
       FSW     2  7.00000000E+00   6.95700000E+08  -8.50000000E+00   8.25000000E+01   1.49664448E+11  -3.10515384E-02  -2.52918956E-01  
       FSW     3  6.00000000E+00   6.95700000E+08  -2.50000000E+00   8.35000000E+01   1.49646848E+11  -3.87899286E-03  -2.56773235E-01  
       FSW     4  5.00000000E+00   6.95700000E+08  -1.05000000E+01   8.15000000E+01   1.49677310E+11  -3.97282138E-02  -2.50108992E-01  
       FSW     5  5.00000000E+00   6.95700000E+08  -5.50000000E+00   8.45000000E+01   1.49638564E+11  -1.82264701E-02  -2.57025000E-01  
       FSW     6  5.00000000E+00   6.95700000E+08  -4.50000000E+00   8.35000000E+01   1.49649118E+11  -1.31191682E-02  -2.56221674E-01  
       FSW     7  4.00000000E+00   6.95700000E+08  -9.50000000E+00   8.15000000E+01   1.49676619E+11  -3.51524693E-02  -2.50881054E-01  
       FSW     8  4.00000000E+00   6.95700000E+08  -7.50000000E+00   8.25000000E+01   1.49663599E+11  -2.64565556E-02  -2.53541551E-01  
       FSW     9  4.00000000E+00   6.95700000E+08  -7.50000000E+00   8.35000000E+01   1.49652096E+11  -2.69455014E-02  -2.54810113E-01  
       FSW    10  4.00000000E+00   6.95700000E+08  -5.50000000E+00   8.35000000E+01   1.49650168E+11  -1.77338701E-02  -2.55828929E-01  
       FSW    11  3.00000000E+00   6.95700000E+08  -1.35000000E+01   1.61500000E+02   1.48881016E+11  -8.75313879E-02  -1.19097915E-01  
       FSW    12  3.00000000E+00   6.95700000E+08   9.50000000E+00   1.63500000E+02   1.48831312E+11   1.77099791E-02  -1.12571389E-01  
       FSW    13  2.00000000E+00   6.95700000E+08  -1.15000000E+01   8.15000000E+01   1.49677936E+11  -4.42918343E-02  -2.49260861E-01  
       FSW    14  2.00000000E+00   6.95700000E+08  -1.15000000E+01   1.63500000E+02   1.48863247E+11  -7.91137410E-02  -1.11821484E-01  
       FSW    15  2.00000000E+00   6.95700000E+08  -1.05000000E+01   1.64500000E+02   1.48854859E+11  -7.48576431E-02  -1.08033692E-01  
       FSW    16  2.00000000E+00   6.95700000E+08  -8.50000000E+00   8.15000000E+01   1.49675863E+11  -3.05659882E-02  -2.51576813E-01  
       FSW    17  2.00000000E+00   6.95700000E+08  -4.50000000E+00   8.45000000E+01   1.49637496E+11  -1.36121661E-02  -2.57419612E-01  
       FSW    18  2.00000000E+00   6.95700000E+08   4.50000000E+00   1.65500000E+02   1.48821358E+11  -6.04325038E-03  -1.05292954E-01  
       FSW    19  1.00000000E+00   6.95700000E+08  -2.25000000E+01   8.35000000E+01   1.49659072E+11  -9.42175762E-02  -2.37434350E-01  
       FSW    20  1.00000000E+00   6.95700000E+08  -1.75000000E+01   1.57500000E+02   1.48920242E+11  -1.03960808E-01  -1.32332675E-01  
       FSW    21  1.00000000E+00   6.95700000E+08  -1.55000000E+01   1.59500000E+02   1.48900042E+11  -9.58162986E-02  -1.25946101E-01  
       FSW    22  1.00000000E+00   6.95700000E+08  -1.35000000E+01   1.60500000E+02   1.48886497E+11  -8.72961802E-02  -1.23115456E-01  
       FSW    23  1.00000000E+00   6.95700000E+08  -1.25000000E+01   8.15000000E+01   1.49678495E+11  -4.88419466E-02  -2.48336920E-01  
       FSW    24  1.00000000E+00   6.95700000E+08  -1.25000000E+01   1.61500000E+02   1.48877289E+11  -8.31105186E-02  -1.19581771E-01  
       FSW    25  1.00000000E+00   6.95700000E+08  -1.25000000E+01   1.62500000E+02   1.48871969E+11  -8.33386623E-02  -1.15511059E-01  
       FSW    26  1.00000000E+00   6.95700000E+08  -1.15000000E+01   1.62500000E+02   1.48868401E+11  -7.88928548E-02  -1.15943158E-01  
       FSW    27  1.00000000E+00   6.95700000E+08  -8.50000000E+00   1.64500000E+02   1.48848572E+11  -6.58518130E-02  -1.08671238E-01  
       FSW    28  1.00000000E+00   6.95700000E+08  -6.50000000E+00   1.63500000E+02   1.48848070E+11  -5.65496154E-02  -1.13390302E-01  
       FSW    29  1.00000000E+00   6.95700000E+08  -5.50000000E+00   1.64500000E+02   1.48840547E+11  -5.21941671E-02  -1.09378168E-01  
       FSW    30  1.00000000E+00   6.95700000E+08  -2.50000000E+00   1.65500000E+02   1.48829359E+11  -3.85990120E-02  -1.05512366E-01  
       FSW    31  1.00000000E+00   6.95700000E+08  -1.50000000E+00   8.35000000E+01   1.49645628E+11   7.43676568E-04  -2.56931880E-01  
       FSW    32  1.00000000E+00   6.95700000E+08   5.00000000E-01   1.65500000E+02   1.48824762E+11  -2.46894419E-02  -1.05612113E-01  
       FSW    33  1.00000000E+00   6.95700000E+08   1.50000000E+00   8.35000000E+01   1.49641636E+11   1.46051786E-02  -2.56938744E-01  
       FSW    34  1.00000000E+00   6.95700000E+08   8.50000000E+00   1.64500000E+02   1.48825905E+11   1.28367079E-02  -1.08687720E-01  
       FSW    35  1.00000000E+00   6.95700000E+08   1.05000000E+01   1.62500000E+02   1.48837070E+11   2.25841766E-02  -1.16361570E-01  
