#ObserverName coordinate is given in the HelioGraphic Carrington coordinate system HGC (R,CRLT,CRLN).
#ObserverName is the center of Helioprojective coordinate system HPC (DIST,HPLT,HPLN).
#CROTA2=0. Sun North is up.
#List of points is given using spherical (r,lat,lon) representation in the HGC and HPC coordinate systems.
#A probability density is given for each point.
#FSS stands for Fast Solar Wind.
#SSW stands for Slow Solar Wind.
#M stands for Measured Solar Wind Speed 
#Data is formatted as follow:
#nVersion
#Rsun(m)
#ObserverTime
#ObserverName R_OBS(m) CRLT_OBS(degrees) CRLN_OBS(degrees)
#npoint_tot npoint_ssw npoint_fsw npoint_m
#SSW/FSW/M     i       density(%)             R(m)    CRLT(degrees)    CRLN(degrees)          DIST(m)    HPLT(degrees)    HPLN(degrees) 
 1
6.95700000E+08
2026-10-06 12:00:00
PSP  1.03724671E+11  3.44186013E+00  1.66790682E+02 
47 14 33 0
       SSW     0  2.40000000E+01   6.95700000E+08   1.55000000E+01   2.31500000E+02   1.48888951E+11   4.25343331E-02   4.38799745E-02  
       SSW     1  1.80000000E+01   6.95700000E+08  -1.45000000E+01   1.97500000E+02   1.48975791E+11  -9.31094273E-02  -1.06216713E-01  
       SSW     2  1.10000000E+01   6.95700000E+08  -1.45000000E+01   1.93500000E+02   1.48996502E+11  -9.21996418E-02  -1.22421985E-01  
       SSW     3  9.00000000E+00   6.95700000E+08  -1.55000000E+01   2.01500000E+02   1.48962330E+11  -9.82407170E-02  -8.90675291E-02  
       SSW     4  8.00000000E+00   6.95700000E+08  -1.25000000E+01   1.90500000E+02   1.49006433E+11  -8.26261795E-02  -1.35320264E-01  
       SSW     5  6.00000000E+00   6.95700000E+08  -1.55000000E+01   2.00500000E+02   1.48966457E+11  -9.80592430E-02  -9.32746262E-02  
       SSW     6  6.00000000E+00   6.95700000E+08  -1.35000000E+01   1.93500000E+02   1.48992591E+11  -8.78119546E-02  -1.22959105E-01  
       SSW     7  6.00000000E+00   6.95700000E+08   1.45000000E+01   2.31500000E+02   1.48887183E+11   3.79161408E-02   4.40861906E-02  
       SSW     8  4.00000000E+00   6.95700000E+08  -1.45000000E+01   1.96500000E+02   1.48980693E+11  -9.28940909E-02  -1.10320302E-01  
       SSW     9  2.00000000E+00   6.95700000E+08  -1.45000000E+01   2.00500000E+02   1.48962211E+11  -9.37060557E-02  -9.37145269E-02  
       SSW    10  2.00000000E+00   6.95700000E+08  -1.35000000E+01   1.92500000E+02   1.48998248E+11  -8.75636467E-02  -1.26936525E-01  
       SSW    11  2.00000000E+00   6.95700000E+08   1.65000000E+01   2.31500000E+02   1.48890926E+11   4.71393942E-02   4.36603368E-02  
       SSW    12  1.00000000E+00   6.95700000E+08  -2.05000000E+01   2.10500000E+02   1.48958781E+11  -1.20740305E-01  -4.87151098E-02  
       SSW    13  1.00000000E+00   6.95700000E+08  -1.65000000E+01   2.00500000E+02   1.48970886E+11  -1.02382188E-01  -9.28062250E-02  
       FSW     0  2.00000000E+01   6.95700000E+08  -1.25000000E+01   1.90500000E+02   1.49006433E+11  -8.26261795E-02  -1.35320264E-01  
       FSW     1  1.20000000E+01   6.95700000E+08  -1.35000000E+01   1.89500000E+02   1.49016286E+11  -8.67719127E-02  -1.38629222E-01  
       FSW     2  8.00000000E+00   6.95700000E+08  -1.35000000E+01   1.90500000E+02   1.49010097E+11  -8.70435447E-02  -1.34772786E-01  
       FSW     3  7.00000000E+00   6.95700000E+08   5.50000000E+00   1.65500000E+02   1.49177096E+11   8.83036539E-03  -2.21038699E-01  
       FSW     4  6.00000000E+00   6.95700000E+08   3.50000000E+00   1.64500000E+02   1.49188859E+11  -1.73712449E-05  -2.24184304E-01  
       FSW     5  5.00000000E+00   6.95700000E+08   4.50000000E+00   1.65500000E+02   1.49177872E+11   4.18857485E-03  -2.21375332E-01  
       FSW     6  4.00000000E+00   6.95700000E+08  -1.15000000E+01   1.61500000E+02   1.49246469E+11  -6.75178771E-02  -2.27126470E-01  
       FSW     7  4.00000000E+00   6.95700000E+08   1.50000000E+00   1.63500000E+02   1.49201240E+11  -8.85683977E-03  -2.26997882E-01  
       FSW     8  4.00000000E+00   6.95700000E+08   6.50000000E+00   1.65500000E+02   1.49176439E+11   1.34695037E-02  -2.20634556E-01  
       FSW     9  3.00000000E+00   6.95700000E+08  -1.05000000E+01   1.61500000E+02   1.49243981E+11  -6.30218150E-02  -2.27902126E-01  
       FSW    10  2.00000000E+00   6.95700000E+08  -1.65000000E+01   1.88500000E+02   1.49034481E+11  -9.95850008E-02  -1.40446869E-01  
       FSW    11  2.00000000E+00   6.95700000E+08  -1.25000000E+01   1.89500000E+02   1.49012647E+11  -8.23536282E-02  -1.39192342E-01  
       FSW    12  2.00000000E+00   6.95700000E+08  -5.00000000E-01   1.62500000E+02   1.49214198E+11  -1.76783588E-02  -2.29468963E-01  
       FSW    13  2.00000000E+00   6.95700000E+08   2.50000000E+00   1.63500000E+02   1.49200096E+11  -4.21680604E-03  -2.26861306E-01  
       FSW    14  1.00000000E+00   6.95700000E+08  -2.35000000E+01   1.74500000E+02   1.49167767E+11  -1.24580909E-01  -1.79827031E-01  
       FSW    15  1.00000000E+00   6.95700000E+08  -2.15000000E+01   1.81500000E+02   1.49104528E+11  -1.18697140E-01  -1.60569987E-01  
       FSW    16  1.00000000E+00   6.95700000E+08  -2.05000000E+01   1.63500000E+02   1.49253714E+11  -1.07741678E-01  -2.12621016E-01  
       FSW    17  1.00000000E+00   6.95700000E+08  -2.05000000E+01   1.82500000E+02   1.49092696E+11  -1.14835011E-01  -1.58299744E-01  
       FSW    18  1.00000000E+00   6.95700000E+08  -2.05000000E+01   1.84500000E+02   1.49078672E+11  -1.15453190E-01  -1.51445444E-01  
       FSW    19  1.00000000E+00   6.95700000E+08  -1.75000000E+01   1.87500000E+02   1.49045160E+11  -1.03607540E-01  -1.43392682E-01  
       FSW    20  1.00000000E+00   6.95700000E+08  -1.75000000E+01   1.88500000E+02   1.49038752E+11  -1.03889519E-01  -1.39695433E-01  
       FSW    21  1.00000000E+00   6.95700000E+08  -1.55000000E+01   1.89500000E+02   1.49024067E+11  -9.55268841E-02  -1.37376108E-01  
       FSW    22  1.00000000E+00   6.95700000E+08  -1.45000000E+01   1.60500000E+02   1.49264726E+11  -8.04284051E-02  -2.26577181E-01  
       FSW    23  1.00000000E+00   6.95700000E+08  -1.45000000E+01   1.91500000E+02   1.49007944E+11  -9.16970374E-02  -1.30303169E-01  
       FSW    24  1.00000000E+00   6.95700000E+08  -1.35000000E+01   1.61500000E+02   1.49251738E+11  -7.64463415E-02  -2.25367504E-01  
       FSW    25  1.00000000E+00   6.95700000E+08  -1.25000000E+01   1.61500000E+02   1.49249055E+11  -7.19931762E-02  -2.26281509E-01  
       FSW    26  1.00000000E+00   6.95700000E+08  -1.15000000E+01   1.60500000E+02   1.49256802E+11  -6.70657289E-02  -2.29345508E-01  
       FSW    27  1.00000000E+00   6.95700000E+08  -3.50000000E+00   1.61500000E+02   1.49229367E+11  -3.10844339E-02  -2.31373606E-01  
       FSW    28  1.00000000E+00   6.95700000E+08  -2.50000000E+00   1.61500000E+02   1.49227687E+11  -2.64723134E-02  -2.31587941E-01  
       FSW    29  1.00000000E+00   6.95700000E+08  -1.50000000E+00   1.61500000E+02   1.49226111E+11  -2.18520102E-02  -2.31731577E-01  
       FSW    30  1.00000000E+00   6.95700000E+08   5.00000000E-01   1.62500000E+02   1.49212830E+11  -1.30456228E-02  -2.29471060E-01  
       FSW    31  1.00000000E+00   6.95700000E+08   2.50000000E+00   1.64500000E+02   1.49189881E+11  -4.65947948E-03  -2.24387925E-01  
       FSW    32  1.00000000E+00   6.95700000E+08   4.50000000E+00   1.64500000E+02   1.49187951E+11   4.62480234E-03  -2.23912218E-01  
