#ObserverName coordinate is given in the HelioGraphic Carrington coordinate system HGC (R,CRLT,CRLN).
#ObserverName is the center of Helioprojective coordinate system HPC (DIST,HPLT,HPLN).
#CROTA2=0. Sun North is up.
#List of points is given using spherical (r,lat,lon) representation in the HGC and HPC coordinate systems.
#A probability density is given for each point.
#FSS stands for Fast Solar Wind.
#SSW stands for Slow Solar Wind.
#M stands for Measured Solar Wind Speed 
#Data is formatted as follow:
#nVersion
#Rsun(m)
#ObserverTime
#ObserverName R_OBS(m) CRLT_OBS(degrees) CRLN_OBS(degrees)
#npoint_tot npoint_ssw npoint_fsw npoint_m
#SSW/FSW/M     i       density(%)             R(m)    CRLT(degrees)    CRLN(degrees)          DIST(m)    HPLT(degrees)    HPLN(degrees) 
 1
6.95700000E+08
2026-10-09 18:00:00
STA  1.44617055E+11 -1.48362412E+00  2.49206286E+02 
61 19 42 0
       SSW     0  5.80000000E+01   6.95700000E+08   1.95000000E+01   3.37500000E+02   1.50011144E+11   1.13587809E-01   9.11077813E-02  
       SSW     1  1.60000000E+01   6.95700000E+08   1.95000000E+01   3.38500000E+02   1.50015174E+11   1.13754097E-01   8.70195646E-02  
       SSW     2  4.00000000E+00   6.95700000E+08   2.05000000E+01   3.37500000E+02   1.50006075E+11   1.17762822E-01   9.05339107E-02  
       SSW     3  4.00000000E+00   6.95700000E+08   2.05000000E+01   3.38500000E+02   1.50010080E+11   1.17927951E-01   8.64714595E-02  
       SSW     4  2.00000000E+00   6.95700000E+08  -5.65000000E+01   3.23500000E+02   1.49804466E+11  -2.07511900E-01   8.49283128E-02  
       SSW     5  2.00000000E+00   6.95700000E+08  -5.65000000E+01   3.29500000E+02   1.49825777E+11  -2.06586935E-01   7.19286194E-02  
       SSW     6  2.00000000E+00   6.95700000E+08  -5.45000000E+01   3.37500000E+02   1.49865482E+11  -1.99574097E-01   5.61806206E-02  
       SSW     7  1.00000000E+00   6.95700000E+08  -5.75000000E+01   3.15500000E+02   1.49764169E+11  -2.11806402E-01   9.81308167E-02  
       SSW     8  1.00000000E+00   6.95700000E+08  -5.75000000E+01   3.17500000E+02   1.49772883E+11  -2.11427926E-01   9.44351071E-02  
       SSW     9  1.00000000E+00   6.95700000E+08  -5.75000000E+01   3.21500000E+02   1.49789282E+11  -2.10715733E-01   8.67050871E-02  
       SSW    10  1.00000000E+00   6.95700000E+08  -5.65000000E+01   3.25500000E+02   1.49811960E+11  -2.07186602E-01   8.06910104E-02  
       SSW    11  1.00000000E+00   6.95700000E+08  -5.65000000E+01   3.27500000E+02   1.49819067E+11  -2.06878157E-01   7.63560256E-02  
       SSW    12  1.00000000E+00   6.95700000E+08  -5.55000000E+01   3.00500000E+02   1.49698209E+11  -2.09511424E-01   1.28360703E-01  
       SSW    13  1.00000000E+00   6.95700000E+08  -5.55000000E+01   3.30500000E+02   1.49837028E+11  -2.03486816E-01   7.15048202E-02  
       SSW    14  1.00000000E+00   6.95700000E+08  -2.05000000E+01   2.88500000E+02   1.49674717E+11  -8.35635771E-02   2.34894662E-01  
       SSW    15  1.00000000E+00   6.95700000E+08  -1.05000000E+01   2.92500000E+02   1.49716863E+11  -3.67806856E-02   2.39759644E-01  
       SSW    16  1.00000000E+00   6.95700000E+08  -9.50000000E+00   2.92500000E+02   1.49716403E+11  -3.21966101E-02   2.40499389E-01  
       SSW    17  1.00000000E+00   6.95700000E+08  -8.50000000E+00   2.93500000E+02   1.49726725E+11  -2.71439930E-02   2.39266932E-01  
       SSW    18  1.00000000E+00   6.95700000E+08  -7.50000000E+00   2.93500000E+02   1.49726117E+11  -2.25408765E-02   2.39855533E-01  
       FSW     0  1.20000000E+01   6.95700000E+08   7.50000000E+00   2.79500000E+02   1.49547349E+11   3.99138917E-02   2.59693553E-01  
       FSW     1  7.00000000E+00   6.95700000E+08   3.50000000E+00   2.84500000E+02   1.49612040E+11   2.39928228E-02   2.56046907E-01  
       FSW     2  6.00000000E+00   6.95700000E+08   7.50000000E+00   2.78500000E+02   1.49535579E+11   3.94224526E-02   2.60528447E-01  
       FSW     3  6.00000000E+00   6.95700000E+08   8.50000000E+00   2.79500000E+02   1.49545729E+11   4.44806064E-02   2.59060132E-01  
       FSW     4  5.00000000E+00   6.95700000E+08  -6.50000000E+00   2.89500000E+02   1.49681246E+11  -1.97925905E-02   2.47560362E-01  
       FSW     5  5.00000000E+00   6.95700000E+08   1.50000000E+00   2.84500000E+02   1.49614963E+11   1.47690308E-02   2.56432451E-01  
       FSW     6  5.00000000E+00   6.95700000E+08   3.50000000E+00   2.83500000E+02   1.49600426E+11   2.35066589E-02   2.57281454E-01  
       FSW     7  3.00000000E+00   6.95700000E+08  -7.50000000E+00   2.90500000E+02   1.49693178E+11  -2.39300750E-02   2.45346678E-01  
       FSW     8  3.00000000E+00   6.95700000E+08   4.50000000E+00   2.79500000E+02   1.49551992E+11   2.61470149E-02   2.61118849E-01  
       FSW     9  3.00000000E+00   6.95700000E+08   4.50000000E+00   2.80500000E+02   1.49563786E+11   2.66405372E-02   2.60199928E-01  
       FSW    10  3.00000000E+00   6.95700000E+08   6.50000000E+00   2.79500000E+02   1.49548932E+11   3.53351264E-02   2.60247920E-01  
       FSW    11  3.00000000E+00   6.95700000E+08   9.50000000E+00   2.75500000E+02   1.49497039E+11   4.70725815E-02   2.61196153E-01  
       FSW    12  2.00000000E+00   6.95700000E+08  -8.50000000E+00   2.91500000E+02   1.49704901E+11  -2.80650280E-02   2.42992057E-01  
       FSW    13  2.00000000E+00   6.95700000E+08  -6.50000000E+00   2.90500000E+02   1.49692410E+11  -1.93220367E-02   2.45874290E-01  
       FSW    14  2.00000000E+00   6.95700000E+08  -5.50000000E+00   2.88500000E+02   1.49669119E+11  -1.56534083E-02   2.49630391E-01  
       FSW    15  2.00000000E+00   6.95700000E+08  -4.50000000E+00   2.87500000E+02   1.49656809E+11  -1.15133568E-02   2.51554215E-01  
       FSW    16  2.00000000E+00   6.95700000E+08  -3.50000000E+00   2.86500000E+02   1.49644331E+11  -7.37325955E-03   2.53329465E-01  
       FSW    17  2.00000000E+00   6.95700000E+08   2.50000000E+00   2.85500000E+02   1.49625096E+11   1.98683390E-02   2.54965213E-01  
       FSW    18  2.00000000E+00   6.95700000E+08   8.50000000E+00   2.75500000E+02   1.49498564E+11   4.25124596E-02   2.61916520E-01  
       FSW    19  2.00000000E+00   6.95700000E+08   8.50000000E+00   2.80500000E+02   1.49557430E+11   4.49688035E-02   2.58148616E-01  
       FSW    20  2.00000000E+00   6.95700000E+08   9.50000000E+00   2.79500000E+02   1.49544074E+11   4.90338826E-02   2.58347845E-01  
       FSW    21  1.00000000E+00   6.95700000E+08  -8.50000000E+00   2.90500000E+02   1.49693867E+11  -2.85307921E-02   2.44744469E-01  
       FSW    22  1.00000000E+00   6.95700000E+08  -7.50000000E+00   2.89500000E+02   1.49682039E+11  -2.43999619E-02   2.47029093E-01  
       FSW    23  1.00000000E+00   6.95700000E+08  -7.50000000E+00   2.91500000E+02   1.49704240E+11  -2.34635049E-02   2.43589910E-01  
       FSW    24  1.00000000E+00   6.95700000E+08  -6.50000000E+00   2.91500000E+02   1.49703496E+11  -1.88548045E-02   2.44113705E-01  
       FSW    25  1.00000000E+00   6.95700000E+08  -5.00000000E-01   2.85500000E+02   1.49629239E+11   6.01362499E-03   2.55191318E-01  
       FSW    26  1.00000000E+00   6.95700000E+08   5.00000000E-01   2.84500000E+02   1.49616341E+11   1.01498249E-02   2.56508221E-01  
       FSW    27  1.00000000E+00   6.95700000E+08   5.00000000E-01   2.85500000E+02   1.49627918E+11   1.06354820E-02   2.55193574E-01  
       FSW    28  1.00000000E+00   6.95700000E+08   1.50000000E+00   2.85500000E+02   1.49626537E+11   1.52541871E-02   2.55118199E-01  
       FSW    29  1.00000000E+00   6.95700000E+08   2.50000000E+00   2.84500000E+02   1.49613529E+11   1.93838303E-02   2.56278665E-01  
       FSW    30  1.00000000E+00   6.95700000E+08   3.50000000E+00   2.81500000E+02   1.49577040E+11   2.25275719E-02   2.59515905E-01  
       FSW    31  1.00000000E+00   6.95700000E+08   3.50000000E+00   2.85500000E+02   1.49623596E+11   2.44765373E-02   2.54734660E-01  
       FSW    32  1.00000000E+00   6.95700000E+08   4.50000000E+00   2.85500000E+02   1.49622037E+11   2.90773838E-02   2.54426609E-01  
       FSW    33  1.00000000E+00   6.95700000E+08   6.50000000E+00   2.76500000E+02   1.49513443E+11   3.38520908E-02   2.62519810E-01  
       FSW    34  1.00000000E+00   6.95700000E+08   6.50000000E+00   2.78500000E+02   1.49537138E+11   3.48422771E-02   2.61084640E-01  
       FSW    35  1.00000000E+00   6.95700000E+08   7.50000000E+00   2.75500000E+02   1.49500068E+11   3.79394867E-02   2.62557128E-01  
       FSW    36  1.00000000E+00   6.95700000E+08   7.50000000E+00   2.76500000E+02   1.49511935E+11   3.84351004E-02   2.61960471E-01  
       FSW    37  1.00000000E+00   6.95700000E+08   8.50000000E+00   2.78500000E+02   1.49533988E+11   4.39907248E-02   2.59892939E-01  
       FSW    38  1.00000000E+00   6.95700000E+08   9.50000000E+00   2.85500000E+02   1.49613376E+11   5.19225668E-02   2.51727873E-01  
       FSW    39  1.00000000E+00   6.95700000E+08   1.05000000E+01   2.84500000E+02   1.49600090E+11   5.59759759E-02   2.52250058E-01  
       FSW    40  1.00000000E+00   6.95700000E+08   1.15000000E+01   2.82500000E+02   1.49575313E+11   5.95370202E-02   2.53745830E-01  
       FSW    41  1.00000000E+00   6.95700000E+08   1.25000000E+01   2.82500000E+02   1.49573428E+11   6.40353300E-02   2.52809401E-01  
