#ObserverName coordinate is given in the HelioGraphic Carrington coordinate system HGC (R,CRLT,CRLN).
#ObserverName is the center of Helioprojective coordinate system HPC (DIST,HPLT,HPLN).
#CROTA2=0. Sun North is up.
#List of points is given using spherical (r,lat,lon) representation in the HGC and HPC coordinate systems.
#A probability density is given for each point.
#FSS stands for Fast Solar Wind.
#SSW stands for Slow Solar Wind.
#M stands for Measured Solar Wind Speed 
#Data is formatted as follow:
#nVersion
#Rsun(m)
#ObserverTime
#ObserverName R_OBS(m) CRLT_OBS(degrees) CRLN_OBS(degrees)
#npoint_tot npoint_ssw npoint_fsw npoint_m
#SSW/FSW/M     i       density(%)             R(m)    CRLT(degrees)    CRLN(degrees)          DIST(m)    HPLT(degrees)    HPLN(degrees) 
 1
6.95700000E+08
2026-10-09 12:00:00
BEPI  6.70205329E+10 -1.95214582E+00  9.83995028E+01 
57 37 20 0
       SSW     0  8.00000000E+00   6.95700000E+08  -1.05000000E+01   1.64500000E+02   1.48805447E+11  -7.59374643E-02  -7.97624120E-02  
       SSW     1  8.00000000E+00   6.95700000E+08  -9.50000000E+00   1.65500000E+02   1.48798609E+11  -7.15969479E-02  -7.56051708E-02  
       SSW     2  8.00000000E+00   6.95700000E+08  -8.50000000E+00   1.65500000E+02   1.48795477E+11  -6.70846875E-02  -7.58160519E-02  
       SSW     3  8.00000000E+00   6.95700000E+08   4.50000000E+00   1.66500000E+02   1.48769593E+11  -7.19653967E-03  -7.19565944E-02  
       SSW     4  7.00000000E+00   6.95700000E+08  -1.25000000E+01   1.63500000E+02   1.48816345E+11  -8.46896391E-02  -8.35296058E-02  
       SSW     5  7.00000000E+00   6.95700000E+08   3.50000000E+00   1.66500000E+02   1.48770108E+11  -1.18678121E-02  -7.20442219E-02  
       SSW     6  5.00000000E+00   6.95700000E+08  -1.15000000E+01   1.64500000E+02   1.48808959E+11  -8.04045494E-02  -7.94903959E-02  
       SSW     7  5.00000000E+00   6.95700000E+08  -7.50000000E+00   1.65500000E+02   1.48792541E+11  -6.25517195E-02  -7.60037469E-02  
       SSW     8  5.00000000E+00   6.95700000E+08  -5.00000000E-01   1.66500000E+02   1.48774211E+11  -3.05018009E-02  -7.21741199E-02  
       SSW     9  4.00000000E+00   6.95700000E+08  -2.50000000E+00   1.66500000E+02   1.48777485E+11  -3.97680100E-02  -7.21065921E-02  
       SSW    10  3.00000000E+00   6.95700000E+08   5.00000000E-01   1.66500000E+02   1.48772879E+11  -2.58538472E-02  -7.21747632E-02  
       SSW    11  2.00000000E+00   6.95700000E+08  -1.35000000E+01   1.62500000E+02   1.48824087E+11  -8.89412847E-02  -8.74838611E-02  
       SSW    12  2.00000000E+00   6.95700000E+08  -1.35000000E+01   1.63500000E+02   1.48820226E+11  -8.91062597E-02  -8.31915390E-02  
       SSW    13  2.00000000E+00   6.95700000E+08  -3.50000000E+00   1.65500000E+02   1.48782787E+11  -4.42408159E-02  -7.65215886E-02  
       SSW    14  2.00000000E+00   6.95700000E+08  -1.50000000E+00   1.66500000E+02   1.48775746E+11  -3.51403323E-02  -7.21513936E-02  
       SSW    15  2.00000000E+00   6.95700000E+08   5.50000000E+00   1.66500000E+02   1.48769284E+11  -2.52303932E-03  -7.18469491E-02  
       SSW    16  2.00000000E+00   6.95700000E+08   6.50000000E+00   1.67500000E+02   1.48766036E+11   2.01886451E-03  -6.72314984E-02  
       SSW    17  1.00000000E+00   6.95700000E+08  -1.55000000E+01   1.61500000E+02   1.48836400E+11  -9.75200577E-02  -9.09195478E-02  
       SSW    18  1.00000000E+00   6.95700000E+08  -1.45000000E+01   8.15000000E+01   1.49583408E+11  -6.11252877E-02  -2.53565241E-01  
       SSW    19  1.00000000E+00   6.95700000E+08  -1.25000000E+01   1.64500000E+02   1.48812663E+11  -8.48468228E-02  -7.91940774E-02  
       SSW    20  1.00000000E+00   6.95700000E+08  -1.05000000E+01   1.65500000E+02   1.48801937E+11  -7.60871099E-02  -7.53711701E-02  
       SSW    21  1.00000000E+00   6.95700000E+08  -7.50000000E+00   8.25000000E+01   1.49565510E+11  -2.97521660E-02  -2.60508912E-01  
       SSW    22  1.00000000E+00   6.95700000E+08  -7.50000000E+00   8.35000000E+01   1.49553705E+11  -3.02518140E-02  -2.61261128E-01  
       SSW    23  1.00000000E+00   6.95700000E+08  -6.50000000E+00   1.65500000E+02   1.48789804E+11  -5.79994418E-02  -7.61681964E-02  
       SSW    24  1.00000000E+00   6.95700000E+08  -5.50000000E+00   8.45000000E+01   1.49539597E+11  -2.15490785E-02  -2.62981832E-01  
       SSW    25  1.00000000E+00   6.95700000E+08  -5.50000000E+00   1.65500000E+02   1.48787265E+11  -5.34292580E-02  -7.63093485E-02  
       SSW    26  1.00000000E+00   6.95700000E+08  -3.50000000E+00   1.66500000E+02   1.48779426E+11  -4.43834058E-02  -7.20397298E-02  
       SSW    27  1.00000000E+00   6.95700000E+08   5.00000000E-01   8.35000000E+01   1.49544015E+11   6.67895823E-03  -2.63522561E-01  
       SSW    28  1.00000000E+00   6.95700000E+08   1.50000000E+00   1.65500000E+02   1.48775117E+11  -2.10556159E-02  -7.66422458E-02  
       SSW    29  1.00000000E+00   6.95700000E+08   2.50000000E+00   1.65500000E+02   1.48774191E+11  -1.63933157E-02  -7.65960213E-02  
       SSW    30  1.00000000E+00   6.95700000E+08   2.50000000E+00   1.66500000E+02   1.48770827E+11  -1.65354146E-02  -7.21098046E-02  
       SSW    31  1.00000000E+00   6.95700000E+08   5.50000000E+00   1.67500000E+02   1.48766135E+11  -2.65576278E-03  -6.73549007E-02  
       SSW    32  1.00000000E+00   6.95700000E+08   6.50000000E+00   1.66500000E+02   1.48769180E+11   2.15124602E-03  -7.17153196E-02  
       SSW    33  1.00000000E+00   6.95700000E+08   7.50000000E+00   1.67500000E+02   1.48766144E+11   6.69287376E-03  -6.70875240E-02  
       SSW    34  1.00000000E+00   6.95700000E+08   8.50000000E+00   1.66500000E+02   1.48769587E+11   1.14963994E-02  -7.13862773E-02  
       SSW    35  1.00000000E+00   6.95700000E+08   9.50000000E+00   1.64500000E+02   1.48776940E+11   1.64518855E-02  -8.00235277E-02  
       SSW    36  1.00000000E+00   6.95700000E+08   1.25000000E+01   1.62500000E+02   1.48787192E+11   3.07335475E-02  -8.78587783E-02  
       FSW     0  1.80000000E+01   6.95700000E+08  -6.50000000E+00   8.35000000E+01   1.49552610E+11  -2.56532219E-02  -2.61823534E-01  
       FSW     1  1.50000000E+01   6.95700000E+08  -5.50000000E+00   8.45000000E+01   1.49539597E+11  -2.15490785E-02  -2.62981832E-01  
       FSW     2  1.20000000E+01   6.95700000E+08  -7.50000000E+00   8.35000000E+01   1.49553705E+11  -3.02518140E-02  -2.61261128E-01  
       FSW     3  9.00000000E+00   6.95700000E+08  -4.50000000E+00   8.45000000E+01   1.49538416E+11  -1.69365375E-02  -2.63385788E-01  
       FSW     4  7.00000000E+00   6.95700000E+08  -7.50000000E+00   8.25000000E+01   1.49565510E+11  -2.97521660E-02  -2.60508912E-01  
       FSW     5  6.00000000E+00   6.95700000E+08  -6.50000000E+00   8.45000000E+01   1.49540747E+11  -2.61549882E-02  -2.62497830E-01  
       FSW     6  5.00000000E+00   6.95700000E+08  -2.50000000E+00   8.35000000E+01   1.49547895E+11  -7.19409556E-03  -2.63274939E-01  
       FSW     7  4.00000000E+00   6.95700000E+08  -9.50000000E+00   8.15000000E+01   1.49579242E+11  -3.84258090E-02  -2.58322849E-01  
       FSW     8  4.00000000E+00   6.95700000E+08  -8.50000000E+00   8.25000000E+01   1.49566541E+11  -3.43423502E-02  -2.59868891E-01  
       FSW     9  4.00000000E+00   6.95700000E+08  -5.50000000E+00   8.35000000E+01   1.49551482E+11  -2.10467532E-02  -2.62306255E-01  
       FSW    10  3.00000000E+00   6.95700000E+08  -1.05000000E+01   8.15000000E+01   1.49580161E+11  -4.29947452E-02  -2.57527493E-01  
       FSW    11  3.00000000E+00   6.95700000E+08  -4.50000000E+00   8.35000000E+01   1.49550319E+11  -1.64338077E-02  -2.62709141E-01  
       FSW    12  2.00000000E+00   6.95700000E+08  -3.50000000E+00   8.35000000E+01   1.49549124E+11  -1.18157874E-02  -2.63032069E-01  
       FSW    13  2.00000000E+00   6.95700000E+08  -3.50000000E+00   8.45000000E+01   1.49537206E+11  -1.23187671E-02  -2.63709574E-01  
       FSW    14  1.00000000E+00   6.95700000E+08  -2.45000000E+01   8.55000000E+01   1.49545078E+11  -1.06816456E-01  -2.40926815E-01  
       FSW    15  1.00000000E+00   6.95700000E+08  -1.45000000E+01   8.15000000E+01   1.49583408E+11  -6.11252877E-02  -2.53565241E-01  
       FSW    16  1.00000000E+00   6.95700000E+08  -1.25000000E+01   8.15000000E+01   1.49581870E+11  -5.20918172E-02  -2.55701964E-01  
       FSW    17  1.00000000E+00   6.95700000E+08  -8.50000000E+00   8.15000000E+01   1.49578282E+11  -3.38451215E-02  -2.59039600E-01  
       FSW    18  1.00000000E+00   6.95700000E+08  -1.50000000E+00   8.35000000E+01   1.49546634E+11  -2.57013702E-03  -2.63437674E-01  
       FSW    19  1.00000000E+00   6.95700000E+08  -5.00000000E-01   8.35000000E+01   1.49545341E+11   2.05468283E-03  -2.63520224E-01  
