#ObserverName coordinate is given in the HelioGraphic Carrington coordinate system HGC (R,CRLT,CRLN).
#ObserverName is the center of Helioprojective coordinate system HPC (DIST,HPLT,HPLN).
#CROTA2=0. Sun North is up.
#List of points is given using spherical (r,lat,lon) representation in the HGC and HPC coordinate systems.
#A probability density is given for each point.
#FSS stands for Fast Solar Wind.
#SSW stands for Slow Solar Wind.
#M stands for Measured Solar Wind Speed 
#Data is formatted as follow:
#nVersion
#Rsun(m)
#ObserverTime
#ObserverName R_OBS(m) CRLT_OBS(degrees) CRLN_OBS(degrees)
#npoint_tot npoint_ssw npoint_fsw npoint_m
#SSW/FSW/M     i       density(%)             R(m)    CRLT(degrees)    CRLN(degrees)          DIST(m)    HPLT(degrees)    HPLN(degrees) 
 1
6.95700000E+08
2026-10-10 12:00:00
STA  1.44622249E+11 -1.58058187E+00  2.39337450E+02 
61 27 34 0
       SSW     0  1.70000000E+01   6.95700000E+08  -5.50000000E+00   2.98500000E+02   1.49843398E+11  -7.11474874E-03   2.04130241E-01  
       SSW     1  1.60000000E+01   6.95700000E+08  -4.50000000E+00   2.98500000E+02   1.49842763E+11  -2.48888064E-03   2.04443054E-01  
       SSW     2  1.20000000E+01   6.95700000E+08  -6.50000000E+00   2.98500000E+02   1.49843899E+11  -1.17384210E-02   2.03755436E-01  
       SSW     3  9.00000000E+00   6.95700000E+08  -8.50000000E+00   2.94500000E+02   1.49806755E+11  -2.25528413E-02   2.14069683E-01  
       SSW     4  6.00000000E+00   6.95700000E+08  -8.50000000E+00   2.95500000E+02   1.49816379E+11  -2.21500641E-02   2.11352266E-01  
       SSW     5  6.00000000E+00   6.95700000E+08  -4.50000000E+00   2.97500000E+02   1.49833447E+11  -2.87755291E-03   2.07372811E-01  
       SSW     6  4.00000000E+00   6.95700000E+08  -8.50000000E+00   2.96500000E+02   1.49825878E+11  -2.17525184E-02   2.08570996E-01  
       SSW     7  3.00000000E+00   6.95700000E+08  -7.50000000E+00   2.98500000E+02   1.49844263E+11  -1.63585017E-02   2.03318753E-01  
       SSW     8  3.00000000E+00   6.95700000E+08   5.00000000E-01   2.99500000E+02   1.49846773E+11   2.10073406E-02   2.02073794E-01  
       SSW     9  2.00000000E+00   6.95700000E+08  -1.25000000E+01   2.93500000E+02   1.49797180E+11  -4.13236032E-02   2.13934901E-01  
       SSW    10  2.00000000E+00   6.95700000E+08  -8.50000000E+00   2.93500000E+02   1.49797010E+11  -2.29607292E-02   2.16722413E-01  
       SSW    11  2.00000000E+00   6.95700000E+08  -7.50000000E+00   2.94500000E+02   1.49806434E+11  -1.79404635E-02   2.14595890E-01  
       SSW    12  2.00000000E+00   6.95700000E+08  -3.50000000E+00   2.97500000E+02   1.49832665E+11   1.74892581E-03   2.07627146E-01  
       SSW    13  2.00000000E+00   6.95700000E+08   5.00000000E-01   3.00500000E+02   1.49855846E+11   2.13844401E-02   1.99012033E-01  
       SSW    14  2.00000000E+00   6.95700000E+08   2.05000000E+01   3.38500000E+02   1.50007881E+11   1.18974493E-01   4.50828767E-02  
       SSW    15  1.00000000E+00   6.95700000E+08  -5.65000000E+01   3.12500000E+02   1.49767727E+11  -2.07862598E-01   8.72461809E-02  
       SSW    16  1.00000000E+00   6.95700000E+08  -5.55000000E+01   3.03500000E+02   1.49734846E+11  -2.06666238E-01   1.07427372E-01  
       SSW    17  1.00000000E+00   6.95700000E+08  -5.55000000E+01   3.23500000E+02   1.49813527E+11  -2.03277270E-01   6.47268529E-02  
       SSW    18  1.00000000E+00   6.95700000E+08  -5.55000000E+01   3.24500000E+02   1.49816401E+11  -2.03153495E-01   6.23405959E-02  
       SSW    19  1.00000000E+00   6.95700000E+08  -5.45000000E+01   3.27500000E+02   1.49832798E+11  -1.99768611E-01   5.64585025E-02  
       SSW    20  1.00000000E+00   6.95700000E+08  -5.35000000E+01   2.94500000E+02   1.49697786E+11  -2.02834053E-01   1.28842033E-01  
       SSW    21  1.00000000E+00   6.95700000E+08  -1.15000000E+01   2.93500000E+02   1.49797320E+11  -3.67482366E-02   2.14729847E-01  
       SSW    22  1.00000000E+00   6.95700000E+08  -1.05000000E+01   2.93500000E+02   1.49797338E+11  -3.21617110E-02   2.15459557E-01  
       SSW    23  1.00000000E+00   6.95700000E+08  -5.50000000E+00   2.97500000E+02   1.49834097E+11  -7.50311345E-03   2.07055496E-01  
       SSW    24  1.00000000E+00   6.95700000E+08  -4.50000000E+00   2.99500000E+02   1.49851945E+11  -2.10582048E-03   2.01451570E-01  
       SSW    25  1.00000000E+00   6.95700000E+08  -2.50000000E+00   2.96500000E+02   1.49822283E+11   5.98049529E-03   2.10691746E-01  
       SSW    26  1.00000000E+00   6.95700000E+08   6.50000000E+00   2.89500000E+02   1.49738889E+11   4.44974899E-02   2.27742051E-01  
       FSW     0  1.30000000E+01   6.95700000E+08   8.50000000E+00   2.74500000E+02   1.49570681E+11   4.68057163E-02   2.53908893E-01  
       FSW     1  1.20000000E+01   6.95700000E+08   7.50000000E+00   2.75500000E+02   1.49583916E+11   4.27207613E-02   2.53233986E-01  
       FSW     2  1.20000000E+01   6.95700000E+08   8.50000000E+00   2.75500000E+02   1.49582140E+11   4.72799662E-02   2.52616585E-01  
       FSW     3  6.00000000E+00   6.95700000E+08   6.50000000E+00   2.78500000E+02   1.49619792E+11   3.95642139E-02   2.49419167E-01  
       FSW     4  4.00000000E+00   6.95700000E+08   2.50000000E+00   2.83500000E+02   1.49682052E+11   2.35040918E-02   2.41970782E-01  
       FSW     5  4.00000000E+00   6.95700000E+08   6.50000000E+00   2.76500000E+02   1.49597087E+11   3.86232496E-02   2.52399017E-01  
       FSW     6  3.00000000E+00   6.95700000E+08   2.50000000E+00   2.82500000E+02   1.49671061E+11   2.30474496E-02   2.43882099E-01  
       FSW     7  3.00000000E+00   6.95700000E+08   3.50000000E+00   2.80500000E+02   1.49647288E+11   2.67294886E-02   2.47258816E-01  
       FSW     8  3.00000000E+00   6.95700000E+08   3.50000000E+00   2.81500000E+02   1.49658435E+11   2.71923443E-02   2.45497432E-01  
       FSW     9  3.00000000E+00   6.95700000E+08   6.50000000E+00   2.79500000E+02   1.49631040E+11   4.00303109E-02   2.47815569E-01  
       FSW    10  3.00000000E+00   6.95700000E+08   7.50000000E+00   2.74500000E+02   1.49572430E+11   4.22450021E-02   2.54529499E-01  
       FSW    11  3.00000000E+00   6.95700000E+08   7.50000000E+00   2.77500000E+02   1.49606704E+11   4.36645297E-02   2.50412898E-01  
       FSW    12  3.00000000E+00   6.95700000E+08   7.50000000E+00   2.78500000E+02   1.49617999E+11   4.41322539E-02   2.48888215E-01  
       FSW    13  2.00000000E+00   6.95700000E+08  -6.50000000E+00   2.88500000E+02   1.49745521E+11  -1.58501651E-02   2.30044392E-01  
       FSW    14  2.00000000E+00   6.95700000E+08   1.50000000E+00   2.84500000E+02   1.49694445E+11   1.93470081E-02   2.40130104E-01  
       FSW    15  2.00000000E+00   6.95700000E+08   4.50000000E+00   2.79500000E+02   1.49634461E+11   3.08620926E-02   2.48644291E-01  
       FSW    16  2.00000000E+00   6.95700000E+08   6.50000000E+00   2.77500000E+02   1.49608473E+11   3.90951462E-02   2.50947143E-01  
       FSW    17  2.00000000E+00   6.95700000E+08   7.50000000E+00   2.79500000E+02   1.49629224E+11   4.45970161E-02   2.47288070E-01  
       FSW    18  2.00000000E+00   6.95700000E+08   9.50000000E+00   2.73500000E+02   1.49557397E+11   5.08773232E-02   2.54422876E-01  
       FSW    19  2.00000000E+00   6.95700000E+08   9.50000000E+00   2.75500000E+02   1.49580307E+11   5.18248970E-02   2.51922315E-01  
       FSW    20  1.00000000E+00   6.95700000E+08  -2.05000000E+01   2.87500000E+02   1.49734072E+11  -7.97936264E-02   2.19001134E-01  
       FSW    21  1.00000000E+00   6.95700000E+08  -9.50000000E+00   2.89500000E+02   1.49757209E+11  -2.92421913E-02   2.26044225E-01  
       FSW    22  1.00000000E+00   6.95700000E+08  -3.50000000E+00   2.86500000E+02   1.49722045E+11  -2.86467684E-03   2.35572132E-01  
       FSW    23  1.00000000E+00   6.95700000E+08   5.00000000E-01   2.84500000E+02   1.49695846E+11   1.47311844E-02   2.40201020E-01  
       FSW    24  1.00000000E+00   6.95700000E+08   1.50000000E+00   2.83500000E+02   1.49683536E+11   1.88934529E-02   2.42115901E-01  
       FSW    25  1.00000000E+00   6.95700000E+08   3.50000000E+00   2.82500000E+02   1.49669501E+11   2.76517872E-02   2.43661667E-01  
       FSW    26  1.00000000E+00   6.95700000E+08   4.50000000E+00   2.80500000E+02   1.49645672E+11   3.13273135E-02   2.46959900E-01  
       FSW    27  1.00000000E+00   6.95700000E+08   5.50000000E+00   2.78500000E+02   1.49621518E+11   3.49842479E-02   2.49874245E-01  
       FSW    28  1.00000000E+00   6.95700000E+08   5.50000000E+00   2.79500000E+02   1.49632786E+11   3.54515402E-02   2.48267688E-01  
       FSW    29  1.00000000E+00   6.95700000E+08   7.50000000E+00   2.76500000E+02   1.49595342E+11   4.31939848E-02   2.51861641E-01  
       FSW    30  1.00000000E+00   6.95700000E+08   8.50000000E+00   2.78500000E+02   1.49616140E+11   4.86869821E-02   2.48281547E-01  
       FSW    31  1.00000000E+00   6.95700000E+08   8.50000000E+00   2.79500000E+02   1.49627337E+11   4.91502707E-02   2.46685348E-01  
       FSW    32  1.00000000E+00   6.95700000E+08   9.50000000E+00   2.74500000E+02   1.49568880E+11   5.13522979E-02   2.53211017E-01  
       FSW    33  1.00000000E+00   6.95700000E+08   1.75000000E+01   2.34500000E+02   1.49102593E+11   6.85170426E-02   2.32126836E-01  
