#ObserverName coordinate is given in the HelioGraphic Carrington coordinate system HGC (R,CRLT,CRLN).
#ObserverName is the center of Helioprojective coordinate system HPC (DIST,HPLT,HPLN).
#CROTA2=0. Sun North is up.
#List of points is given using spherical (r,lat,lon) representation in the HGC and HPC coordinate systems.
#A probability density is given for each point.
#FSS stands for Fast Solar Wind.
#SSW stands for Slow Solar Wind.
#M stands for Measured Solar Wind Speed 
#Data is formatted as follow:
#nVersion
#Rsun(m)
#ObserverTime
#ObserverName R_OBS(m) CRLT_OBS(degrees) CRLN_OBS(degrees)
#npoint_tot npoint_ssw npoint_fsw npoint_m
#SSW/FSW/M     i       density(%)             R(m)    CRLT(degrees)    CRLN(degrees)          DIST(m)    HPLT(degrees)    HPLN(degrees) 
 1
6.95700000E+08
2026-10-09 18:00:00
PSP  1.06329683E+11  3.49818750E+00  1.22600368E+02 
69 38 31 0
       SSW     0  1.40000000E+01   6.95700000E+08  -1.25000000E+01   1.89500000E+02   1.48781848E+11  -8.56431757E-02   4.84297050E-02  
       SSW     1  8.00000000E+00   6.95700000E+08  -3.50000000E+00   1.70500000E+02   1.48750437E+11  -4.50917895E-02  -3.87488465E-02  
       SSW     2  7.00000000E+00   6.95700000E+08  -2.50000000E+00   1.70500000E+02   1.48748482E+11  -4.04760067E-02  -3.87848141E-02  
       SSW     3  7.00000000E+00   6.95700000E+08   4.50000000E+00   1.69500000E+02   1.48742508E+11  -7.81767552E-03  -4.33111085E-02  
       SSW     4  6.00000000E+00   6.95700000E+08   5.50000000E+00   1.69500000E+02   1.48742227E+11  -3.14223810E-03  -4.32451041E-02  
       SSW     5  5.00000000E+00   6.95700000E+08  -3.50000000E+00   1.69500000E+02   1.48752295E+11  -4.50131668E-02  -4.33611613E-02  
       SSW     6  5.00000000E+00   6.95700000E+08  -2.50000000E+00   1.69500000E+02   1.48750342E+11  -4.03973687E-02  -4.34014097E-02  
       SSW     7  3.00000000E+00   6.95700000E+08  -1.05000000E+01   1.68500000E+02   1.48773755E+11  -7.67687904E-02  -4.72389803E-02  
       SSW     8  3.00000000E+00   6.95700000E+08  -4.50000000E+00   1.69500000E+02   1.48754455E+11  -4.96150637E-02  -4.33076460E-02  
       SSW     9  3.00000000E+00   6.95700000E+08  -5.00000000E-01   1.70500000E+02   1.48745198E+11  -3.12083677E-02  -3.88211389E-02  
       SSW    10  3.00000000E+00   6.95700000E+08   5.00000000E-01   1.70500000E+02   1.48743869E+11  -2.65593726E-02  -3.88214842E-02  
       SSW    11  3.00000000E+00   6.95700000E+08   1.50000000E+00   1.70500000E+02   1.48742750E+11  -2.19021735E-02  -3.88099495E-02  
       SSW    12  3.00000000E+00   6.95700000E+08   6.50000000E+00   1.69500000E+02   1.48742156E+11   1.53417195E-03  -4.31658658E-02  
       SSW    13  2.00000000E+00   6.95700000E+08  -9.50000000E+00   1.68500000E+02   1.48770376E+11  -7.22797316E-02  -4.73856569E-02  
       SSW    14  2.00000000E+00   6.95700000E+08  -7.50000000E+00   1.67500000E+02   1.48766481E+11  -6.31402070E-02  -5.21885879E-02  
       SSW    15  2.00000000E+00   6.95700000E+08  -1.50000000E+00   1.69500000E+02   1.48748596E+11  -3.57690942E-02  -4.34283781E-02  
       SSW    16  2.00000000E+00   6.95700000E+08   2.50000000E+00   1.70500000E+02   1.48741840E+11  -1.72382085E-02  -3.87865381E-02  
       SSW    17  2.00000000E+00   6.95700000E+08   3.50000000E+00   1.70500000E+02   1.48741141E+11  -1.25689178E-02  -3.87512571E-02  
       SSW    18  1.00000000E+00   6.95700000E+08  -2.05000000E+01   1.80500000E+02   1.48808101E+11  -1.20571488E-01   7.31274983E-03  
       SSW    19  1.00000000E+00   6.95700000E+08  -1.65000000E+01   1.88500000E+02   1.48796867E+11  -1.03214491E-01   4.31455297E-02  
       SSW    20  1.00000000E+00   6.95700000E+08  -1.55000000E+01   1.88500000E+02   1.48792297E+11  -9.88883400E-02   4.33633315E-02  
       SSW    21  1.00000000E+00   6.95700000E+08  -1.35000000E+01   1.89500000E+02   1.48785822E+11  -9.00571276E-02   4.82336666E-02  
       SSW    22  1.00000000E+00   6.95700000E+08  -1.15000000E+01   1.89500000E+02   1.48778072E+11  -8.12027921E-02   4.86109370E-02  
       SSW    23  1.00000000E+00   6.95700000E+08  -7.50000000E+00   1.68500000E+02   1.48764222E+11  -6.32360667E-02  -4.76354928E-02  
       SSW    24  1.00000000E+00   6.95700000E+08  -6.50000000E+00   1.67500000E+02   1.48763713E+11  -5.85882516E-02  -5.23015191E-02  
       SSW    25  1.00000000E+00   6.95700000E+08  -5.50000000E+00   1.67500000E+02   1.48761149E+11  -5.40182065E-02  -5.23984513E-02  
       SSW    26  1.00000000E+00   6.95700000E+08  -3.50000000E+00   1.68500000E+02   1.48754361E+11  -4.49257252E-02  -4.79600859E-02  
       SSW    27  1.00000000E+00   6.95700000E+08  -2.50000000E+00   1.71500000E+02   1.48746832E+11  -4.05457995E-02  -3.41562410E-02  
       SSW    28  1.00000000E+00   6.95700000E+08  -1.50000000E+00   1.68500000E+02   1.48750666E+11  -3.56816457E-02  -4.80344307E-02  
       SSW    29  1.00000000E+00   6.95700000E+08   5.00000000E-01   1.69500000E+02   1.48745730E+11  -2.64808344E-02  -4.34424441E-02  
       SSW    30  1.00000000E+00   6.95700000E+08   1.50000000E+00   1.69500000E+02   1.48744610E+11  -2.18237169E-02  -4.34295365E-02  
       SSW    31  1.00000000E+00   6.95700000E+08   2.50000000E+00   1.69500000E+02   1.48743700E+11  -1.71598575E-02  -4.34033388E-02  
       SSW    32  1.00000000E+00   6.95700000E+08   2.50000000E+00   1.71500000E+02   1.48740190E+11  -1.73077466E-02  -3.41577593E-02  
       SSW    33  1.00000000E+00   6.95700000E+08   3.50000000E+00   1.69500000E+02   1.48742999E+11  -1.24906964E-02  -4.33638588E-02  
       SSW    34  1.00000000E+00   6.95700000E+08   3.50000000E+00   1.71500000E+02   1.48739492E+11  -1.26383409E-02  -3.41266884E-02  
       SSW    35  1.00000000E+00   6.95700000E+08   5.50000000E+00   1.68500000E+02   1.48744288E+11  -3.05561055E-03  -4.78317213E-02  
       SSW    36  1.00000000E+00   6.95700000E+08   6.50000000E+00   1.68500000E+02   1.48744213E+11   1.62057612E-03  -4.77440802E-02  
       SSW    37  1.00000000E+00   6.95700000E+08   1.05000000E+01   1.68500000E+02   1.48746009E+11   2.03059085E-02  -4.72477526E-02  
       FSW     0  1.00000000E+01   6.95700000E+08   4.50000000E+00   1.66500000E+02   1.48749321E+11  -7.53104309E-03  -5.70461683E-02  
       FSW     1  8.00000000E+00   6.95700000E+08   2.50000000E+00   1.66500000E+02   1.48750527E+11  -1.68721859E-02  -5.71676416E-02  
       FSW     2  7.00000000E+00   6.95700000E+08  -3.50000000E+00   1.66500000E+02   1.48759116E+11  -4.47244977E-02  -5.71120910E-02  
       FSW     3  5.00000000E+00   6.95700000E+08  -9.50000000E+00   1.65500000E+02   1.48777729E+11  -7.19672016E-02  -6.09238397E-02  
       FSW     4  5.00000000E+00   6.95700000E+08  -7.50000000E+00   1.65500000E+02   1.48771614E+11  -6.29223381E-02  -6.12450382E-02  
       FSW     5  5.00000000E+00   6.95700000E+08   1.05000000E+01   1.64500000E+02   1.48756190E+11   2.07323149E-02  -6.52104843E-02  
       FSW     6  4.00000000E+00   6.95700000E+08  -1.05000000E+01   1.65500000E+02   1.48781085E+11  -7.64570066E-02  -6.07352665E-02  
       FSW     7  4.00000000E+00   6.95700000E+08  -1.50000000E+00   1.66500000E+02   1.48755428E+11  -3.54804021E-02  -5.72006199E-02  
       FSW     8  4.00000000E+00   6.95700000E+08   5.00000000E-01   1.66500000E+02   1.48752564E+11  -2.61924755E-02  -5.72191457E-02  
       FSW     9  4.00000000E+00   6.95700000E+08   3.50000000E+00   1.66500000E+02   1.48749820E+11  -1.22035006E-02  -5.71156439E-02  
       FSW    10  4.00000000E+00   6.95700000E+08   7.50000000E+00   1.67500000E+02   1.48746607E+11   6.39108169E-03  -5.21955293E-02  
       FSW    11  3.00000000E+00   6.95700000E+08  -1.15000000E+01   1.64500000E+02   1.48787480E+11  -8.08023556E-02  -6.49760149E-02  
       FSW    12  3.00000000E+00   6.95700000E+08  -4.50000000E+00   1.66500000E+02   1.48761267E+11  -4.93265401E-02  -5.70416078E-02  
       FSW    13  3.00000000E+00   6.95700000E+08  -2.50000000E+00   1.66500000E+02   1.48757169E+11  -4.01086435E-02  -5.71651007E-02  
       FSW    14  3.00000000E+00   6.95700000E+08  -5.00000000E-01   1.66500000E+02   1.48753892E+11  -3.08412021E-02  -5.72186369E-02  
       FSW    15  3.00000000E+00   6.95700000E+08   5.50000000E+00   1.67500000E+02   1.48746556E+11  -2.96027333E-03  -5.24035690E-02  
       FSW    16  3.00000000E+00   6.95700000E+08   6.50000000E+00   1.67500000E+02   1.48746477E+11   1.71566749E-03  -5.23075524E-02  
       FSW    17  3.00000000E+00   6.95700000E+08   9.50000000E+00   1.66500000E+02   1.48749945E+11   1.58373118E-02  -5.64375582E-02  
       FSW    18  2.00000000E+00   6.95700000E+08  -1.15000000E+01   1.65500000E+02   1.48784640E+11  -8.09232127E-02  -6.05281214E-02  
       FSW    19  2.00000000E+00   6.95700000E+08  -8.50000000E+00   1.65500000E+02   1.48774571E+11  -6.74551817E-02  -6.10937814E-02  
       FSW    20  2.00000000E+00   6.95700000E+08  -6.50000000E+00   1.65500000E+02   1.48768857E+11  -5.83700687E-02  -6.13775622E-02  
       FSW    21  2.00000000E+00   6.95700000E+08   8.50000000E+00   1.67500000E+02   1.48746946E+11   1.10645255E-02  -5.20675345E-02  
       FSW    22  2.00000000E+00   6.95700000E+08   1.15000000E+01   1.64500000E+02   1.48757127E+11   2.53898166E-02  -6.49892144E-02  
       FSW    23  2.00000000E+00   6.95700000E+08   1.25000000E+01   1.63500000E+02   1.48761299E+11   3.01661750E-02  -6.91603714E-02  
       FSW    24  1.00000000E+00   6.95700000E+08  -1.35000000E+01   1.63500000E+02   1.48798174E+11  -8.95306667E-02  -6.88652536E-02  
       FSW    25  1.00000000E+00   6.95700000E+08  -5.50000000E+00   1.65500000E+02   1.48766303E+11  -5.37997775E-02  -6.14913114E-02  
       FSW    26  1.00000000E+00   6.95700000E+08  -5.50000000E+00   1.66500000E+02   1.48763623E+11  -5.39133505E-02  -5.69536736E-02  
       FSW    27  1.00000000E+00   6.95700000E+08   1.50000000E+00   1.66500000E+02   1.48751442E+11  -2.15356575E-02  -5.72021456E-02  
       FSW    28  1.00000000E+00   6.95700000E+08   4.50000000E+00   1.67500000E+02   1.48746843E+11  -7.63529677E-03  -5.24835495E-02  
       FSW    29  1.00000000E+00   6.95700000E+08   8.50000000E+00   1.66500000E+02   1.48749404E+11   1.11676437E-02  -5.65939948E-02  
       FSW    30  1.00000000E+00   6.95700000E+08   9.50000000E+00   1.65500000E+02   1.48752600E+11   1.59486106E-02  -6.09340857E-02  
