#ObserverName coordinate is given in the HelioGraphic Carrington coordinate system HGC (R,CRLT,CRLN).
#ObserverName is the center of Helioprojective coordinate system HPC (DIST,HPLT,HPLN).
#CROTA2=0. Sun North is up.
#List of points is given using spherical (r,lat,lon) representation in the HGC and HPC coordinate systems.
#A probability density is given for each point.
#FSS stands for Fast Solar Wind.
#SSW stands for Slow Solar Wind.
#M stands for Measured Solar Wind Speed 
#Data is formatted as follow:
#nVersion
#Rsun(m)
#ObserverTime
#ObserverName R_OBS(m) CRLT_OBS(degrees) CRLN_OBS(degrees)
#npoint_tot npoint_ssw npoint_fsw npoint_m
#SSW/FSW/M     i       density(%)             R(m)    CRLT(degrees)    CRLN(degrees)          DIST(m)    HPLT(degrees)    HPLN(degrees) 
 1
6.95700000E+08
2026-10-08 06:00:00
EARTH  1.49492389E+11  6.34694851E+00  1.98618834E+02 
49 35 14 0
       SSW     0  1.10000000E+01   6.95700000E+08   9.50000000E+00   2.75500000E+02   1.49326438E+11   3.71812348E-02   2.56405395E-01  
       SSW     1  8.00000000E+00   6.95700000E+08   7.50000000E+00   2.78500000E+02   1.49363474E+11   2.94811560E-02   2.60472584E-01  
       SSW     2  8.00000000E+00   6.95700000E+08   8.50000000E+00   2.75500000E+02   1.49327336E+11   3.25894520E-02   2.57113629E-01  
       SSW     3  8.00000000E+00   6.95700000E+08   8.50000000E+00   2.79500000E+02   1.49374216E+11   3.45774555E-02   2.60585434E-01  
       SSW     4  7.00000000E+00   6.95700000E+08   7.50000000E+00   2.79500000E+02   1.49375280E+11   2.99821077E-02   2.61223557E-01  
       SSW     5  6.00000000E+00   6.95700000E+08   9.50000000E+00   2.79500000E+02   1.49373189E+11   3.91623267E-02   2.59867861E-01  
       SSW     6  4.00000000E+00   6.95700000E+08   9.50000000E+00   2.78500000E+02   1.49361444E+11   3.86646969E-02   2.59120680E-01  
       SSW     7  4.00000000E+00   6.95700000E+08   1.05000000E+01   2.78500000E+02   1.49360490E+11   4.32395758E-02   2.58326105E-01  
       SSW     8  4.00000000E+00   6.95700000E+08   1.25000000E+01   2.75500000E+02   1.49324051E+11   5.08832784E-02   2.53812481E-01  
       SSW     9  3.00000000E+00   6.95700000E+08   3.50000000E+00   2.83500000E+02   1.49427723E+11   1.35590263E-02   2.65197056E-01  
       SSW    10  3.00000000E+00   6.95700000E+08   8.50000000E+00   2.78500000E+02   1.49362439E+11   3.40780900E-02   2.59836245E-01  
       SSW    11  3.00000000E+00   6.95700000E+08   9.50000000E+00   2.76500000E+02   1.49338065E+11   3.76739993E-02   2.57389201E-01  
       SSW    12  3.00000000E+00   6.95700000E+08   1.05000000E+01   2.76500000E+02   1.49337182E+11   4.22526306E-02   2.56599812E-01  
       SSW    13  3.00000000E+00   6.95700000E+08   1.05000000E+01   2.77500000E+02   1.49348816E+11   4.27452952E-02   2.57502278E-01  
       SSW    14  2.00000000E+00   6.95700000E+08   7.50000000E+00   2.76500000E+02   1.49339973E+11   2.84838436E-02   2.58732283E-01  
       SSW    15  2.00000000E+00   6.95700000E+08   9.50000000E+00   2.80500000E+02   1.49384966E+11   3.96612742E-02   2.60535717E-01  
       SSW    16  2.00000000E+00   6.95700000E+08   1.05000000E+01   2.82500000E+02   1.49407502E+11   4.52298269E-02   2.60830710E-01  
       SSW    17  2.00000000E+00   6.95700000E+08   1.15000000E+01   2.84500000E+02   1.49429996E+11   5.07801950E-02   2.60722248E-01  
       SSW    18  1.00000000E+00   6.95700000E+08   3.50000000E+00   2.84500000E+02   1.49439733E+11   1.40699491E-02   2.65549924E-01  
       SSW    19  1.00000000E+00   6.95700000E+08   6.50000000E+00   2.79500000E+02   1.49376380E+11   2.53776866E-02   2.61782038E-01  
       SSW    20  1.00000000E+00   6.95700000E+08   6.50000000E+00   2.86500000E+02   1.49459898E+11   2.89229861E-02   2.64803551E-01  
       SSW    21  1.00000000E+00   6.95700000E+08   7.50000000E+00   2.75500000E+02   1.49328286E+11   2.79877882E-02   2.57743449E-01  
       SSW    22  1.00000000E+00   6.95700000E+08   7.50000000E+00   2.86500000E+02   1.49458620E+11   3.35172804E-02   2.64238939E-01  
       SSW    23  1.00000000E+00   6.95700000E+08   9.50000000E+00   2.74500000E+02   1.49314857E+11   3.66903945E-02   2.55343248E-01  
       SSW    24  1.00000000E+00   6.95700000E+08   9.50000000E+00   2.85500000E+02   1.49444203E+11   4.21704286E-02   2.62679486E-01  
       SSW    25  1.00000000E+00   6.95700000E+08   1.05000000E+01   2.74500000E+02   1.49314046E+11   4.12727523E-02   2.54560012E-01  
       SSW    26  1.00000000E+00   6.95700000E+08   1.05000000E+01   2.83500000E+02   1.49419316E+11   4.57299112E-02   2.61258324E-01  
       SSW    27  1.00000000E+00   6.95700000E+08   1.05000000E+01   2.84500000E+02   1.49431149E+11   4.62306990E-02   2.61606264E-01  
       SSW    28  1.00000000E+00   6.95700000E+08   1.15000000E+01   2.82500000E+02   1.49406429E+11   4.97834232E-02   2.59949175E-01  
       SSW    29  1.00000000E+00   6.95700000E+08   1.15000000E+01   2.83500000E+02   1.49418204E+11   5.02814586E-02   2.60375414E-01  
       SSW    30  1.00000000E+00   6.95700000E+08   1.25000000E+01   2.74500000E+02   1.49312587E+11   5.03984541E-02   2.52760876E-01  
       SSW    31  1.00000000E+00   6.95700000E+08   1.25000000E+01   2.82500000E+02   1.49405383E+11   5.43219108E-02   2.58988399E-01  
       SSW    32  1.00000000E+00   6.95700000E+08   1.25000000E+01   2.83500000E+02   1.49417114E+11   5.48177493E-02   2.59413138E-01  
       SSW    33  1.00000000E+00   6.95700000E+08   1.35000000E+01   2.76500000E+02   1.49334822E+11   5.59059600E-02   2.53763204E-01  
       SSW    34  1.00000000E+00   6.95700000E+08   1.35000000E+01   2.82500000E+02   1.49404363E+11   5.88439046E-02   2.57948673E-01  
       FSW     0  3.40000000E+01   6.95700000E+08   1.65000000E+01   2.32500000E+02   1.48920683E+11   5.20008888E-02   1.43070621E-01  
       FSW     1  2.00000000E+01   6.95700000E+08  -1.35000000E+01   1.93500000E+02   1.48840892E+11  -9.08081452E-02  -2.32340505E-02  
       FSW     2  1.90000000E+01   6.95700000E+08  -1.25000000E+01   1.90500000E+02   1.48840954E+11  -8.62231046E-02  -3.69250328E-02  
       FSW     3  6.00000000E+00   6.95700000E+08  -1.45000000E+01   1.97500000E+02   1.48842567E+11  -9.52988437E-02  -5.06261522E-03  
       FSW     4  4.00000000E+00   6.95700000E+08  -1.45000000E+01   1.96500000E+02   1.48842899E+11  -9.52844994E-02  -9.58592274E-03  
       FSW     5  3.00000000E+00   6.95700000E+08   1.65000000E+01   2.31500000E+02   1.48914292E+11   5.17306644E-02   1.39336344E-01  
       FSW     6  2.00000000E+00   6.95700000E+08  -1.55000000E+01   1.97500000E+02   1.48847006E+11  -9.96492423E-02  -5.03884444E-03  
       FSW     7  2.00000000E+00   6.95700000E+08  -1.45000000E+01   2.00500000E+02   1.48842802E+11  -9.52887110E-02   8.51109734E-03  
       FSW     8  2.00000000E+00   6.95700000E+08  -1.35000000E+01   1.92500000E+02   1.48842046E+11  -9.07582481E-02  -2.77569191E-02  
       FSW     9  2.00000000E+00   6.95700000E+08  -1.35000000E+01   1.94500000E+02   1.48839943E+11  -9.08491838E-02  -1.87040088E-02  
       FSW    10  2.00000000E+00   6.95700000E+08   1.55000000E+01   2.32500000E+02   1.48919206E+11   4.74201174E-02   1.43789872E-01  
       FSW    11  2.00000000E+00   6.95700000E+08   1.75000000E+01   2.32500000E+02   1.48922335E+11   5.65656635E-02   1.42307638E-01  
       FSW    12  1.00000000E+00   6.95700000E+08  -1.45000000E+01   2.01500000E+02   1.48843289E+11  -9.52676151E-02   1.30322752E-02  
       FSW    13  1.00000000E+00   6.95700000E+08  -1.35000000E+01   1.90500000E+02   1.48844967E+11  -9.06319440E-02  -3.67755550E-02  
