#ObserverName coordinate is given in the HelioGraphic Carrington coordinate system HGC (R,CRLT,CRLN).
#ObserverName is the center of Helioprojective coordinate system HPC (DIST,HPLT,HPLN).
#CROTA2=0. Sun North is up.
#List of points is given using spherical (r,lat,lon) representation in the HGC and HPC coordinate systems.
#A probability density is given for each point.
#FSS stands for Fast Solar Wind.
#SSW stands for Slow Solar Wind.
#M stands for Measured Solar Wind Speed 
#Data is formatted as follow:
#nVersion
#Rsun(m)
#ObserverTime
#ObserverName R_OBS(m) CRLT_OBS(degrees) CRLN_OBS(degrees)
#npoint_tot npoint_ssw npoint_fsw npoint_m
#SSW/FSW/M     i       density(%)             R(m)    CRLT(degrees)    CRLN(degrees)          DIST(m)    HPLT(degrees)    HPLN(degrees) 
 1
6.95700000E+08
2026-10-06 12:00:00
BEPI  6.83813870E+10 -2.35144709E+00  1.32093524E+02 
70 40 30 0
       SSW     0  1.30000000E+01   6.95700000E+08  -1.25000000E+01   1.59500000E+02   1.49269742E+11  -7.10873451E-02  -2.30633139E-01  
       SSW     1  1.30000000E+01   6.95700000E+08  -1.25000000E+01   1.60500000E+02   1.49259349E+11  -7.15424014E-02  -2.28492350E-01  
       SSW     2  8.00000000E+00   6.95700000E+08  -1.15000000E+01   1.60500000E+02   1.49256802E+11  -6.70657289E-02  -2.29345508E-01  
       SSW     3  5.00000000E+00   6.95700000E+08  -1.05000000E+01   1.59500000E+02   1.49264816E+11  -6.21107492E-02  -2.32284692E-01  
       SSW     4  5.00000000E+00   6.95700000E+08   1.50000000E+00   1.62500000E+02   1.49211571E+11  -8.40882210E-03  -2.29403093E-01  
       SSW     5  4.00000000E+00   6.95700000E+08  -1.05000000E+01   1.60500000E+02   1.49254349E+11  -6.25684350E-02  -2.30128688E-01  
       SSW     6  4.00000000E+00   6.95700000E+08   5.00000000E-01   1.61500000E+02   1.49223272E+11  -1.25925252E-02  -2.31806585E-01  
       SSW     7  3.00000000E+00   6.95700000E+08  -1.55000000E+01   1.58500000E+02   1.49288162E+11  -8.39308356E-02  -2.29672210E-01  
       SSW     8  3.00000000E+00   6.95700000E+08  -1.35000000E+01   1.59500000E+02   1.49272342E+11  -7.55435542E-02  -2.29701686E-01  
       SSW     9  3.00000000E+00   6.95700000E+08  -1.35000000E+01   1.60500000E+02   1.49261991E+11  -7.59970815E-02  -2.27569479E-01  
       SSW    10  3.00000000E+00   6.95700000E+08  -1.50000000E+00   1.61500000E+02   1.49226111E+11  -2.18520102E-02  -2.31731577E-01  
       SSW    11  3.00000000E+00   6.95700000E+08   4.50000000E+00   1.64500000E+02   1.49187951E+11   4.62480234E-03  -2.23912218E-01  
       SSW    12  2.00000000E+00   6.95700000E+08  -1.15000000E+01   1.59500000E+02   1.49267233E+11  -6.66092863E-02  -2.31494230E-01  
       SSW    13  2.00000000E+00   6.95700000E+08  -1.15000000E+01   1.61500000E+02   1.49246469E+11  -6.75178771E-02  -2.27126470E-01  
       SSW    14  2.00000000E+00   6.95700000E+08  -3.50000000E+00   1.60500000E+02   1.49239893E+11  -3.06264005E-02  -2.33633836E-01  
       SSW    15  2.00000000E+00   6.95700000E+08  -5.00000000E-01   1.61500000E+02   1.49224639E+11  -1.72249412E-02  -2.31804466E-01  
       SSW    16  2.00000000E+00   6.95700000E+08   5.00000000E-01   1.62500000E+02   1.49212830E+11  -1.30456228E-02  -2.29471060E-01  
       SSW    17  1.00000000E+00   6.95700000E+08  -1.65000000E+01   1.57500000E+02   1.49301368E+11  -8.78592091E-02  -2.30484484E-01  
       SSW    18  1.00000000E+00   6.95700000E+08  -1.55000000E+01   1.57500000E+02   1.49298605E+11  -8.34727413E-02  -2.31645168E-01  
       SSW    19  1.00000000E+00   6.95700000E+08  -1.55000000E+01   1.59500000E+02   1.49277811E+11  -8.43849736E-02  -2.27628872E-01  
       SSW    20  1.00000000E+00   6.95700000E+08  -1.55000000E+01   1.60500000E+02   1.49267553E+11  -8.48350155E-02  -2.25515765E-01  
       SSW    21  1.00000000E+00   6.95700000E+08  -1.45000000E+01   1.58500000E+02   1.49285432E+11  -7.95205812E-02  -2.30753039E-01  
       SSW    22  1.00000000E+00   6.95700000E+08  -1.45000000E+01   1.59500000E+02   1.49275032E+11  -7.99765494E-02  -2.28700160E-01  
       SSW    23  1.00000000E+00   6.95700000E+08  -1.25000000E+01   1.58500000E+02   1.49280231E+11  -7.06281477E-02  -2.32703232E-01  
       SSW    24  1.00000000E+00   6.95700000E+08  -1.25000000E+01   1.61500000E+02   1.49249055E+11  -7.19931762E-02  -2.26281509E-01  
       SSW    25  1.00000000E+00   6.95700000E+08  -1.05000000E+01   1.61500000E+02   1.49243981E+11  -6.30218150E-02  -2.27902126E-01  
       SSW    26  1.00000000E+00   6.95700000E+08  -9.50000000E+00   1.59500000E+02   1.49262491E+11  -5.75931113E-02  -2.33004278E-01  
       SSW    27  1.00000000E+00   6.95700000E+08  -9.50000000E+00   1.60500000E+02   1.49251992E+11  -5.80518973E-02  -2.30841646E-01  
       SSW    28  1.00000000E+00   6.95700000E+08  -7.50000000E+00   1.59500000E+02   1.49258122E+11  -4.85060732E-02  -2.34229954E-01  
       SSW    29  1.00000000E+00   6.95700000E+08  -7.50000000E+00   1.60500000E+02   1.49247566E+11  -4.89666301E-02  -2.32056031E-01  
       SSW    30  1.00000000E+00   6.95700000E+08  -5.50000000E+00   1.60500000E+02   1.49243532E+11  -3.98210612E-02  -2.32987149E-01  
       SSW    31  1.00000000E+00   6.95700000E+08  -4.50000000E+00   1.60500000E+02   1.49241663E+11  -3.52291641E-02  -2.33346106E-01  
       SSW    32  1.00000000E+00   6.95700000E+08  -2.50000000E+00   1.61500000E+02   1.49227687E+11  -2.64723134E-02  -2.31587941E-01  
       SSW    33  1.00000000E+00   6.95700000E+08   1.50000000E+00   1.61500000E+02   1.49222010E+11  -7.95618302E-03  -2.31737931E-01  
       SSW    34  1.00000000E+00   6.95700000E+08   2.50000000E+00   1.63500000E+02   1.49200096E+11  -4.21680604E-03  -2.26861306E-01  
       SSW    35  1.00000000E+00   6.95700000E+08   3.50000000E+00   1.63500000E+02   1.49199064E+11   4.24582989E-04  -2.26655454E-01  
       SSW    36  1.00000000E+00   6.95700000E+08   3.50000000E+00   1.64500000E+02   1.49188859E+11  -1.73712449E-05  -2.24184304E-01  
       SSW    37  1.00000000E+00   6.95700000E+08   5.50000000E+00   1.64500000E+02   1.49187160E+11   9.26561644E-03  -2.23571750E-01  
       SSW    38  1.00000000E+00   6.95700000E+08   5.50000000E+00   1.65500000E+02   1.49177096E+11   8.83036539E-03  -2.21038699E-01  
       SSW    39  1.00000000E+00   6.95700000E+08   2.05000000E+01   2.32500000E+02   1.48902913E+11   6.54869208E-02   4.69542323E-02  
       FSW     0  1.60000000E+01   6.95700000E+08  -1.25000000E+01   1.57500000E+02   1.49290811E+11  -7.01649508E-02  -2.34702011E-01  
       FSW     1  9.00000000E+00   6.95700000E+08  -1.15000000E+01   1.58500000E+02   1.49277761E+11  -6.61486904E-02  -2.33571991E-01  
       FSW     2  8.00000000E+00   6.95700000E+08  -1.35000000E+01   1.56500000E+02   1.49303952E+11  -7.41587735E-02  -2.35673413E-01  
       FSW     3  7.00000000E+00   6.95700000E+08  -1.25000000E+01   1.58500000E+02   1.49280231E+11  -7.06281477E-02  -2.32703232E-01  
       FSW     4  6.00000000E+00   6.95700000E+08  -1.65000000E+01   1.54500000E+02   1.49333050E+11  -8.64686728E-02  -2.35948032E-01  
       FSW     5  6.00000000E+00   6.95700000E+08  -1.45000000E+01   1.55500000E+02   1.49317169E+11  -7.81294138E-02  -2.36485051E-01  
       FSW     6  5.00000000E+00   6.95700000E+08  -1.35000000E+01   1.57500000E+02   1.49293326E+11  -7.46242585E-02  -2.33754259E-01  
       FSW     7  4.00000000E+00   6.95700000E+08  -1.15000000E+01   1.57500000E+02   1.49288381E+11  -6.56840829E-02  -2.35578170E-01  
       FSW     8  4.00000000E+00   6.95700000E+08   5.00000000E-01   1.60500000E+02   1.49233818E+11  -1.21349415E-02  -2.34071014E-01  
       FSW     9  3.00000000E+00   6.95700000E+08  -1.55000000E+01   1.54500000E+02   1.49330446E+11  -8.20761390E-02  -2.37135977E-01  
       FSW    10  3.00000000E+00   6.95700000E+08  -1.45000000E+01   1.56500000E+02   1.49306504E+11  -7.85968711E-02  -2.34646066E-01  
       FSW    11  3.00000000E+00   6.95700000E+08  -8.50000000E+00   1.58500000E+02   1.49270885E+11  -5.25938302E-02  -2.35749746E-01  
       FSW    12  2.00000000E+00   6.95700000E+08  -1.55000000E+01   1.56500000E+02   1.49309135E+11  -8.30108321E-02  -2.33547157E-01  
       FSW    13  2.00000000E+00   6.95700000E+08  -1.25000000E+01   1.56500000E+02   1.49301480E+11  -6.96978973E-02  -2.36628878E-01  
       FSW    14  2.00000000E+00   6.95700000E+08  -1.05000000E+01   1.58500000E+02   1.49275380E+11  -6.16488988E-02  -2.34369491E-01  
       FSW    15  2.00000000E+00   6.95700000E+08  -9.50000000E+00   1.58500000E+02   1.49273088E+11  -5.71301509E-02  -2.35095485E-01  
       FSW    16  2.00000000E+00   6.95700000E+08  -8.50000000E+00   1.59500000E+02   1.49260260E+11  -5.30577562E-02  -2.33652766E-01  
       FSW    17  2.00000000E+00   6.95700000E+08  -6.50000000E+00   1.59500000E+02   1.49256078E+11  -4.39394566E-02  -2.34735660E-01  
       FSW    18  2.00000000E+00   6.95700000E+08   1.50000000E+00   1.60500000E+02   1.49232553E+11  -7.49906233E-03  -2.34001694E-01  
       FSW    19  2.00000000E+00   6.95700000E+08   6.50000000E+00   1.61500000E+02   1.49217288E+11   1.52346324E-02  -2.30334500E-01  
       FSW    20  1.00000000E+00   6.95700000E+08  -1.75000000E+01   1.53500000E+02   1.49346388E+11  -9.03664274E-02  -2.36356685E-01  
       FSW    21  1.00000000E+00   6.95700000E+08  -1.75000000E+01   1.55500000E+02   1.49325139E+11  -9.12995609E-02  -2.32947757E-01  
       FSW    22  1.00000000E+00   6.95700000E+08  -1.65000000E+01   1.55500000E+02   1.49322407E+11  -8.69357468E-02  -2.34198388E-01  
       FSW    23  1.00000000E+00   6.95700000E+08  -1.55000000E+01   1.55500000E+02   1.49319750E+11  -8.25452502E-02  -2.35377608E-01  
       FSW    24  1.00000000E+00   6.95700000E+08  -1.45000000E+01   1.57500000E+02   1.49295924E+11  -7.90606412E-02  -2.32735206E-01  
       FSW    25  1.00000000E+00   6.95700000E+08  -1.35000000E+01   1.58500000E+02   1.49282788E+11  -7.50858995E-02  -2.31763485E-01  
       FSW    26  1.00000000E+00   6.95700000E+08  -5.50000000E+00   1.59500000E+02   1.49254129E+11  -3.93593057E-02  -2.35169728E-01  
       FSW    27  1.00000000E+00   6.95700000E+08  -3.50000000E+00   1.60500000E+02   1.49239893E+11  -3.06264005E-02  -2.33633836E-01  
       FSW    28  1.00000000E+00   6.95700000E+08  -5.00000000E-01   1.60500000E+02   1.49235185E+11  -1.67670343E-02  -2.34068875E-01  
       FSW    29  1.00000000E+00   6.95700000E+08   4.50000000E+00   1.61500000E+02   1.49218858E+11   5.96217752E-03  -2.31107631E-01  
