#ObserverName coordinate is given in the HelioGraphic Carrington coordinate system HGC (R,CRLT,CRLN).
#ObserverName is the center of Helioprojective coordinate system HPC (DIST,HPLT,HPLN).
#CROTA2=0. Sun North is up.
#List of points is given using spherical (r,lat,lon) representation in the HGC and HPC coordinate systems.
#A probability density is given for each point.
#FSS stands for Fast Solar Wind.
#SSW stands for Slow Solar Wind.
#M stands for Measured Solar Wind Speed 
#Data is formatted as follow:
#nVersion
#Rsun(m)
#ObserverTime
#ObserverName R_OBS(m) CRLT_OBS(degrees) CRLN_OBS(degrees)
#npoint_tot npoint_ssw npoint_fsw npoint_m
#SSW/FSW/M     i       density(%)             R(m)    CRLT(degrees)    CRLN(degrees)          DIST(m)    HPLT(degrees)    HPLN(degrees) 
 1
6.95700000E+08
2026-10-08 18:00:00
STA  1.44609873E+11 -1.35392303E+00  2.62364751E+02 
48 12 36 0
       SSW     0  6.20000000E+01   6.95700000E+08   1.95000000E+01   3.38500000E+02   1.49989776E+11   1.11149744E-01   1.38349253E-01  
       SSW     1  1.40000000E+01   6.95700000E+08   2.05000000E+01   3.39500000E+02   1.49991235E+11   1.15595688E-01   1.33829152E-01  
       SSW     2  6.00000000E+00   6.95700000E+08   2.05000000E+01   3.38500000E+02   1.49985096E+11   1.15339926E-01   1.37477460E-01  
       SSW     3  5.00000000E+00   6.95700000E+08   1.95000000E+01   3.39500000E+02   1.49995954E+11   1.11407301E-01   1.34677774E-01  
       SSW     4  4.00000000E+00   6.95700000E+08  -5.35000000E+01   3.41500000E+02   1.49888085E+11  -1.97485445E-01   8.03387345E-02  
       SSW     5  2.00000000E+00   6.95700000E+08  -7.50000000E+00   1.65000000E+01   1.50164678E+11  -5.57125003E-03  -2.05458821E-02  
       SSW     6  2.00000000E+00   6.95700000E+08  -6.50000000E+00   1.65000000E+01   1.50164817E+11  -9.38913479E-04  -2.05899409E-02  
       SSW     7  1.00000000E+00   6.95700000E+08  -5.55000000E+01   3.01500000E+02   1.49666372E+11  -2.12623804E-01   1.42219301E-01  
       SSW     8  1.00000000E+00   6.95700000E+08  -5.45000000E+01   3.35500000E+02   1.49857331E+11  -2.01576444E-01   9.19264810E-02  
       SSW     9  1.00000000E+00   6.95700000E+08  -5.35000000E+01   3.36500000E+02   1.49868584E+11  -1.98338655E-01   9.19213761E-02  
       SSW    10  1.00000000E+00   6.95700000E+08  -5.35000000E+01   3.38500000E+02   1.49876698E+11  -1.97983621E-01   8.73668995E-02  
       SSW    11  1.00000000E+00   6.95700000E+08  -5.35000000E+01   3.39500000E+02   1.49880600E+11  -1.97812928E-01   8.50496682E-02  
       FSW     0  1.50000000E+01   6.95700000E+08  -6.50000000E+00   2.91500000E+02   1.49594569E+11  -2.51846563E-02   2.61132378E-01  
       FSW     1  9.00000000E+00   6.95700000E+08   4.50000000E+00   2.86500000E+02   1.49520630E+11   2.30721396E-02   2.64957813E-01  
       FSW     2  8.00000000E+00   6.95700000E+08   3.50000000E+00   2.85500000E+02   1.49510015E+11   1.79531861E-02   2.65622389E-01  
       FSW     3  6.00000000E+00   6.95700000E+08  -6.50000000E+00   2.92500000E+02   1.49606368E+11  -2.46820391E-02   2.60311254E-01  
       FSW     4  4.00000000E+00   6.95700000E+08  -7.50000000E+00   2.92500000E+02   1.49607426E+11  -2.92806348E-02   2.59752162E-01  
       FSW     5  4.00000000E+00   6.95700000E+08   3.50000000E+00   2.86500000E+02   1.49522028E+11   1.84614544E-02   2.65278902E-01  
       FSW     6  4.00000000E+00   6.95700000E+08   5.50000000E+00   2.86500000E+02   1.49519218E+11   2.76758858E-02   2.64556036E-01  
       FSW     7  3.00000000E+00   6.95700000E+08  -7.50000000E+00   2.91500000E+02   1.49595652E+11  -2.97825344E-02   2.60571477E-01  
       FSW     8  3.00000000E+00   6.95700000E+08  -6.50000000E+00   2.90500000E+02   1.49582734E+11  -2.56888200E-02   2.61874142E-01  
       FSW     9  3.00000000E+00   6.95700000E+08  -6.50000000E+00   2.93500000E+02   1.49618128E+11  -2.41811206E-02   2.59411041E-01  
       FSW    10  3.00000000E+00   6.95700000E+08  -5.50000000E+00   2.90500000E+02   1.49581592E+11  -2.10837737E-02   2.62356978E-01  
       FSW    11  3.00000000E+00   6.95700000E+08   5.00000000E-01   2.85500000E+02   1.49514095E+11   4.09150433E-03   2.66101350E-01  
       FSW    12  3.00000000E+00   6.95700000E+08   1.50000000E+00   2.85500000E+02   1.49512747E+11   8.71510400E-03   2.66022694E-01  
       FSW    13  2.00000000E+00   6.95700000E+08  -8.50000000E+00   2.91500000E+02   1.49596697E+11  -3.43712827E-02   2.59931279E-01  
       FSW    14  2.00000000E+00   6.95700000E+08  -8.50000000E+00   2.92500000E+02   1.49608442E+11  -3.38702559E-02   2.59114026E-01  
       FSW    15  2.00000000E+00   6.95700000E+08   2.50000000E+00   2.85500000E+02   1.49511387E+11   1.33361335E-02   2.65863024E-01  
       FSW    16  2.00000000E+00   6.95700000E+08   3.50000000E+00   2.84500000E+02   1.49497988E+11   1.74442968E-02   2.65885038E-01  
       FSW    17  2.00000000E+00   6.95700000E+08   4.50000000E+00   2.85500000E+02   1.49508632E+11   2.25648566E-02   2.65300859E-01  
       FSW    18  2.00000000E+00   6.95700000E+08   4.50000000E+00   2.87500000E+02   1.49532612E+11   2.35786487E-02   2.64534151E-01  
       FSW    19  2.00000000E+00   6.95700000E+08   7.50000000E+00   2.86500000E+02   1.49516351E+11   3.68569588E-02   2.63510920E-01  
       FSW    20  2.00000000E+00   6.95700000E+08   8.50000000E+00   2.86500000E+02   1.49514897E+11   4.14314910E-02   2.62867895E-01  
       FSW    21  2.00000000E+00   6.95700000E+08   1.05000000E+01   2.85500000E+02   1.49500117E+11   5.00433995E-02   2.61679954E-01  
       FSW    22  1.00000000E+00   6.95700000E+08  -9.50000000E+00   2.91500000E+02   1.49597705E+11  -3.89495071E-02   2.59211979E-01  
       FSW    23  1.00000000E+00   6.95700000E+08  -7.50000000E+00   2.94500000E+02   1.49630853E+11  -2.82820758E-02   2.57877059E-01  
       FSW    24  1.00000000E+00   6.95700000E+08  -5.50000000E+00   2.89500000E+02   1.49569704E+11  -2.15898971E-02   2.63020399E-01  
       FSW    25  1.00000000E+00   6.95700000E+08  -5.50000000E+00   2.93500000E+02   1.49617052E+11  -1.95743864E-02   2.59889222E-01  
       FSW    26  1.00000000E+00   6.95700000E+08  -3.50000000E+00   2.95500000E+02   1.49638265E+11  -9.34568789E-03   2.58562128E-01  
       FSW    27  1.00000000E+00   6.95700000E+08  -1.50000000E+00   2.85500000E+02   1.49516753E+11  -5.15777629E-03   2.66015564E-01  
       FSW    28  1.00000000E+00   6.95700000E+08   4.50000000E+00   2.88500000E+02   1.49544572E+11   2.40842299E-02   2.64030019E-01  
       FSW    29  1.00000000E+00   6.95700000E+08   5.50000000E+00   2.87500000E+02   1.49531181E+11   2.81812586E-02   2.64133048E-01  
       FSW    30  1.00000000E+00   6.95700000E+08   6.50000000E+00   2.86500000E+02   1.49517791E+11   3.22712918E-02   2.64073690E-01  
       FSW    31  1.00000000E+00   6.95700000E+08   6.50000000E+00   2.87500000E+02   1.49529733E+11   3.27753762E-02   2.63651512E-01  
       FSW    32  1.00000000E+00   6.95700000E+08   9.50000000E+00   2.84500000E+02   1.49489675E+11   4.49927324E-02   2.62743283E-01  
       FSW    33  1.00000000E+00   6.95700000E+08   1.05000000E+01   2.83500000E+02   1.49476410E+11   4.90453595E-02   2.62117091E-01  
       FSW    34  1.00000000E+00   6.95700000E+08   1.15000000E+01   2.82500000E+02   1.49463215E+11   5.30867701E-02   2.61330216E-01  
       FSW    35  1.00000000E+00   6.95700000E+08   1.15000000E+01   2.84500000E+02   1.49486858E+11   5.40814780E-02   2.61053704E-01  
