#ObserverName coordinate is given in the HelioGraphic Carrington coordinate system HGC (R,CRLT,CRLN).
#ObserverName is the center of Helioprojective coordinate system HPC (DIST,HPLT,HPLN).
#CROTA2=0. Sun North is up.
#List of points is given using spherical (r,lat,lon) representation in the HGC and HPC coordinate systems.
#A probability density is given for each point.
#FSS stands for Fast Solar Wind.
#SSW stands for Slow Solar Wind.
#M stands for Measured Solar Wind Speed 
#Data is formatted as follow:
#nVersion
#Rsun(m)
#ObserverTime
#ObserverName R_OBS(m) CRLT_OBS(degrees) CRLN_OBS(degrees)
#npoint_tot npoint_ssw npoint_fsw npoint_m
#SSW/FSW/M     i       density(%)             R(m)    CRLT(degrees)    CRLN(degrees)          DIST(m)    HPLT(degrees)    HPLN(degrees) 
 1
6.95700000E+08
2026-10-09 18:00:00
BEPI  6.68919995E+10 -1.91589330E+00  9.56081812E+01 
65 43 22 0
       SSW     0  7.00000000E+00   6.95700000E+08  -9.50000000E+00   1.65500000E+02   1.48777729E+11  -7.19672016E-02  -6.09238397E-02  
       SSW     1  7.00000000E+00   6.95700000E+08   4.50000000E+00   1.66500000E+02   1.48749321E+11  -7.53104309E-03  -5.70461683E-02  
       SSW     2  6.00000000E+00   6.95700000E+08  -8.50000000E+00   1.65500000E+02   1.48774571E+11  -6.74551817E-02  -6.10937814E-02  
       SSW     3  6.00000000E+00   6.95700000E+08  -5.50000000E+00   1.65500000E+02   1.48766303E+11  -5.37997775E-02  -6.14913114E-02  
       SSW     4  5.00000000E+00   6.95700000E+08  -1.15000000E+01   1.64500000E+02   1.48787480E+11  -8.08023556E-02  -6.49760149E-02  
       SSW     5  5.00000000E+00   6.95700000E+08   5.50000000E+00   1.66500000E+02   1.48749030E+11  -2.85625628E-03  -5.69592361E-02  
       SSW     6  4.00000000E+00   6.95700000E+08  -1.25000000E+01   1.63500000E+02   1.48794250E+11  -8.51149430E-02  -6.91451227E-02  
       SSW     7  4.00000000E+00   6.95700000E+08  -1.50000000E+00   1.66500000E+02   1.48755428E+11  -3.54804021E-02  -5.72006199E-02  
       SSW     8  3.00000000E+00   6.95700000E+08  -7.50000000E+00   8.35000000E+01   1.49503900E+11  -3.19188817E-02  -2.63196745E-01  
       SSW     9  3.00000000E+00   6.95700000E+08  -7.50000000E+00   1.65500000E+02   1.48771614E+11  -6.29223381E-02  -6.12450382E-02  
       SSW    10  3.00000000E+00   6.95700000E+08  -3.50000000E+00   1.66500000E+02   1.48759116E+11  -4.47244977E-02  -5.71120910E-02  
       SSW    11  3.00000000E+00   6.95700000E+08  -2.50000000E+00   1.66500000E+02   1.48757169E+11  -4.01086435E-02  -5.71651007E-02  
       SSW    12  3.00000000E+00   6.95700000E+08   5.00000000E-01   1.66500000E+02   1.48752564E+11  -2.61924755E-02  -5.72191457E-02  
       SSW    13  3.00000000E+00   6.95700000E+08   3.50000000E+00   1.66500000E+02   1.48749820E+11  -1.22035006E-02  -5.71156439E-02  
       SSW    14  2.00000000E+00   6.95700000E+08  -1.45000000E+01   1.62500000E+02   1.48805491E+11  -9.37822429E-02  -7.29174709E-02  
       SSW    15  2.00000000E+00   6.95700000E+08  -1.25000000E+01   1.64500000E+02   1.48791221E+11  -8.52439525E-02  -6.47337858E-02  
       SSW    16  2.00000000E+00   6.95700000E+08  -1.05000000E+01   1.64500000E+02   1.48783934E+11  -7.63358214E-02  -6.51983777E-02  
       SSW    17  2.00000000E+00   6.95700000E+08  -8.50000000E+00   8.25000000E+01   1.49516922E+11  -3.60041634E-02  -2.62061631E-01  
       SSW    18  2.00000000E+00   6.95700000E+08  -6.50000000E+00   1.65500000E+02   1.48768857E+11  -5.83700687E-02  -6.13775622E-02  
       SSW    19  2.00000000E+00   6.95700000E+08  -5.00000000E-01   1.66500000E+02   1.48753892E+11  -3.08412021E-02  -5.72186369E-02  
       SSW    20  2.00000000E+00   6.95700000E+08   6.50000000E+00   1.67500000E+02   1.48746477E+11   1.71566749E-03  -5.23075524E-02  
       SSW    21  2.00000000E+00   6.95700000E+08   1.05000000E+01   1.64500000E+02   1.48756190E+11   2.07323149E-02  -6.52104843E-02  
       SSW    22  2.00000000E+00   6.95700000E+08   1.15000000E+01   1.63500000E+02   1.48760168E+11   2.55170741E-02  -6.94179521E-02  
       SSW    23  1.00000000E+00   6.95700000E+08  -2.35000000E+01   8.55000000E+01   1.49497379E+11  -1.04139110E-01  -2.44105203E-01  
       SSW    24  1.00000000E+00   6.95700000E+08  -1.55000000E+01   8.15000000E+01   1.49535574E+11  -6.72419441E-02  -2.54770291E-01  
       SSW    25  1.00000000E+00   6.95700000E+08  -1.35000000E+01   1.63500000E+02   1.48798174E+11  -8.95306667E-02  -6.88652536E-02  
       SSW    26  1.00000000E+00   6.95700000E+08  -1.25000000E+01   8.15000000E+01   1.49532843E+11  -5.37355039E-02  -2.58123557E-01  
       SSW    27  1.00000000E+00   6.95700000E+08  -1.05000000E+01   8.15000000E+01   1.49530866E+11  -4.46468556E-02  -2.59966839E-01  
       SSW    28  1.00000000E+00   6.95700000E+08  -1.05000000E+01   1.65500000E+02   1.48781085E+11  -7.64570066E-02  -6.07352665E-02  
       SSW    29  1.00000000E+00   6.95700000E+08  -9.50000000E+00   8.15000000E+01   1.49529832E+11  -4.00813608E-02  -2.60769931E-01  
       SSW    30  1.00000000E+00   6.95700000E+08  -9.50000000E+00   8.25000000E+01   1.49518020E+11  -4.05808993E-02  -2.61336278E-01  
       SSW    31  1.00000000E+00   6.95700000E+08  -6.50000000E+00   8.35000000E+01   1.49502724E+11  -2.73221984E-02  -2.63763461E-01  
       SSW    32  1.00000000E+00   6.95700000E+08  -6.50000000E+00   8.45000000E+01   1.49490780E+11  -2.78262973E-02  -2.64173852E-01  
       SSW    33  1.00000000E+00   6.95700000E+08  -4.50000000E+00   8.45000000E+01   1.49488322E+11  -1.86101237E-02  -2.65067704E-01  
       SSW    34  1.00000000E+00   6.95700000E+08  -4.50000000E+00   1.65500000E+02   1.48763951E+11  -4.92128744E-02  -6.15862498E-02  
       SSW    35  1.00000000E+00   6.95700000E+08  -4.50000000E+00   1.66500000E+02   1.48761267E+11  -4.93265401E-02  -5.70416078E-02  
       SSW    36  1.00000000E+00   6.95700000E+08  -3.50000000E+00   8.45000000E+01   1.49487067E+11  -1.39927203E-02  -2.65393638E-01  
       SSW    37  1.00000000E+00   6.95700000E+08   1.50000000E+00   1.66500000E+02   1.48751442E+11  -2.15356575E-02  -5.72021456E-02  
       SSW    38  1.00000000E+00   6.95700000E+08   2.50000000E+00   1.66500000E+02   1.48750527E+11  -1.68721859E-02  -5.71676416E-02  
       SSW    39  1.00000000E+00   6.95700000E+08   5.50000000E+00   1.67500000E+02   1.48746556E+11  -2.96027333E-03  -5.24035690E-02  
       SSW    40  1.00000000E+00   6.95700000E+08   7.50000000E+00   1.67500000E+02   1.48746607E+11   6.39108169E-03  -5.21955293E-02  
       SSW    41  1.00000000E+00   6.95700000E+08   8.50000000E+00   1.66500000E+02   1.48749404E+11   1.11676437E-02  -5.65939948E-02  
       SSW    42  1.00000000E+00   6.95700000E+08   9.50000000E+00   1.66500000E+02   1.48749945E+11   1.58373118E-02  -5.64375582E-02  
       FSW     0  1.30000000E+01   6.95700000E+08  -6.50000000E+00   8.35000000E+01   1.49502724E+11  -2.73221984E-02  -2.63763461E-01  
       FSW     1  1.20000000E+01   6.95700000E+08  -4.50000000E+00   8.45000000E+01   1.49488322E+11  -1.86101237E-02  -2.65067704E-01  
       FSW     2  1.00000000E+01   6.95700000E+08  -7.50000000E+00   8.25000000E+01   1.49515798E+11  -3.14163988E-02  -2.62707215E-01  
       FSW     3  1.00000000E+01   6.95700000E+08  -5.50000000E+00   8.45000000E+01   1.49489560E+11  -2.32217837E-02  -2.64661067E-01  
       FSW     4  6.00000000E+00   6.95700000E+08  -8.50000000E+00   8.25000000E+01   1.49516922E+11  -3.60041634E-02  -2.62061631E-01  
       FSW     5  6.00000000E+00   6.95700000E+08  -7.50000000E+00   8.35000000E+01   1.49503900E+11  -3.19188817E-02  -2.63196745E-01  
       FSW     6  6.00000000E+00   6.95700000E+08  -2.50000000E+00   8.35000000E+01   1.49497805E+11  -8.86556666E-03  -2.65225982E-01  
       FSW     7  5.00000000E+00   6.95700000E+08  -9.50000000E+00   8.15000000E+01   1.49529832E+11  -4.00813608E-02  -2.60769931E-01  
       FSW     8  5.00000000E+00   6.95700000E+08  -5.50000000E+00   8.35000000E+01   1.49501526E+11  -2.27171237E-02  -2.64249880E-01  
       FSW     9  4.00000000E+00   6.95700000E+08  -6.50000000E+00   8.45000000E+01   1.49490780E+11  -2.78262973E-02  -2.64173852E-01  
       FSW    10  4.00000000E+00   6.95700000E+08  -3.50000000E+00   8.35000000E+01   1.49499066E+11  -1.34874042E-02  -2.64981254E-01  
       FSW    11  4.00000000E+00   6.95700000E+08  -1.50000000E+00   8.35000000E+01   1.49496523E+11  -4.24095114E-03  -2.65389961E-01  
       FSW    12  3.00000000E+00   6.95700000E+08  -1.05000000E+01   8.15000000E+01   1.49530866E+11  -4.46468556E-02  -2.59966839E-01  
       FSW    13  2.00000000E+00   6.95700000E+08  -8.50000000E+00   8.15000000E+01   1.49528767E+11  -3.55036010E-02  -2.61493655E-01  
       FSW    14  2.00000000E+00   6.95700000E+08  -4.50000000E+00   8.35000000E+01   1.49500307E+11  -1.81050581E-02  -2.64655853E-01  
       FSW    15  2.00000000E+00   6.95700000E+08  -2.50000000E+00   8.45000000E+01   1.49485794E+11  -9.37097807E-03  -2.65638766E-01  
       FSW    16  1.00000000E+00   6.95700000E+08  -2.25000000E+01   8.45000000E+01   1.49507556E+11  -9.93954162E-02  -2.45616507E-01  
       FSW    17  1.00000000E+00   6.95700000E+08  -1.25000000E+01   8.05000000E+01   1.49544509E+11  -5.32411564E-02  -2.57484677E-01  
       FSW    18  1.00000000E+00   6.95700000E+08  -3.50000000E+00   8.25000000E+01   1.49511045E+11  -1.29829914E-02  -2.64488262E-01  
       FSW    19  1.00000000E+00   6.95700000E+08  -3.50000000E+00   8.45000000E+01   1.49487067E+11  -1.39927203E-02  -2.65393638E-01  
       FSW    20  1.00000000E+00   6.95700000E+08  -5.00000000E-01   8.35000000E+01   1.49495220E+11   3.85035581E-04  -2.65473138E-01  
       FSW    21  1.00000000E+00   6.95700000E+08   1.50000000E+00   8.35000000E+01   1.49492557E+11   9.63549368E-03  -2.65397005E-01  
