#ObserverName coordinate is given in the HelioGraphic Carrington coordinate system HGC (R,CRLT,CRLN).
#ObserverName is the center of Helioprojective coordinate system HPC (DIST,HPLT,HPLN).
#CROTA2=0. Sun North is up.
#List of points is given using spherical (r,lat,lon) representation in the HGC and HPC coordinate systems.
#A probability density is given for each point.
#FSS stands for Fast Solar Wind.
#SSW stands for Slow Solar Wind.
#M stands for Measured Solar Wind Speed 
#Data is formatted as follow:
#nVersion
#Rsun(m)
#ObserverTime
#ObserverName R_OBS(m) CRLT_OBS(degrees) CRLN_OBS(degrees)
#npoint_tot npoint_ssw npoint_fsw npoint_m
#SSW/FSW/M     i       density(%)             R(m)    CRLT(degrees)    CRLN(degrees)          DIST(m)    HPLT(degrees)    HPLN(degrees) 
 1
6.95700000E+08
2026-10-08 06:00:00
BEPI  6.76285879E+10 -2.12652732E+00  1.12396404E+02 
68 39 29 0
       SSW     0  8.00000000E+00   6.95700000E+08  -1.15000000E+01   1.61500000E+02   1.48968149E+11  -7.61331376E-02  -1.58234301E-01  
       SSW     1  7.00000000E+00   6.95700000E+08  -1.05000000E+01   1.63500000E+02   1.48950946E+11  -7.22622914E-02  -1.51371183E-01  
       SSW     2  6.00000000E+00   6.95700000E+08  -1.45000000E+01   1.58500000E+02   1.49000549E+11  -8.84664099E-02  -1.66893027E-01  
       SSW     3  6.00000000E+00   6.95700000E+08  -1.15000000E+01   1.62500000E+02   1.48961070E+11  -7.64385372E-02  -1.54568583E-01  
       SSW     4  6.00000000E+00   6.95700000E+08  -1.05000000E+01   1.62500000E+02   1.48957881E+11  -7.19632705E-02  -1.55097179E-01  
       SSW     5  5.00000000E+00   6.95700000E+08  -1.55000000E+01   1.57500000E+02   1.49011842E+11  -9.25157493E-02  -1.69516706E-01  
       SSW     6  5.00000000E+00   6.95700000E+08  -1.55000000E+01   1.58500000E+02   1.49004246E+11  -9.28442672E-02  -1.66110233E-01  
       SSW     7  5.00000000E+00   6.95700000E+08  -9.50000000E+00   1.62500000E+02   1.48954856E+11  -6.74658174E-02  -1.55578382E-01  
       SSW     8  4.00000000E+00   6.95700000E+08  -1.25000000E+01   1.61500000E+02   1.48971474E+11  -8.05857684E-02  -1.57644850E-01  
       SSW     9  3.00000000E+00   6.95700000E+08  -1.45000000E+01   1.59500000E+02   1.48993074E+11  -8.87895227E-02  -1.63419181E-01  
       SSW    10  3.00000000E+00   6.95700000E+08  -1.35000000E+01   1.60500000E+02   1.48982146E+11  -8.47030636E-02  -1.60596244E-01  
       SSW    11  3.00000000E+00   6.95700000E+08  -7.50000000E+00   1.62500000E+02   1.48949299E+11  -5.84098924E-02  -1.56398022E-01  
       SSW    12  3.00000000E+00   6.95700000E+08  -7.50000000E+00   1.63500000E+02   1.48942305E+11  -5.87107852E-02  -1.52640835E-01  
       SSW    13  3.00000000E+00   6.95700000E+08  -6.50000000E+00   1.62500000E+02   1.48946770E+11  -5.38542070E-02  -1.56736200E-01  
       SSW    14  3.00000000E+00   6.95700000E+08  -5.50000000E+00   1.63500000E+02   1.48937385E+11  -4.95835788E-02  -1.53254216E-01  
       SSW    15  2.00000000E+00   6.95700000E+08  -1.25000000E+01   1.62500000E+02   1.48964422E+11  -8.08902410E-02  -1.53992760E-01  
       SSW    16  2.00000000E+00   6.95700000E+08  -1.15000000E+01   1.63500000E+02   1.48954159E+11  -7.67367465E-02  -1.50855262E-01  
       SSW    17  2.00000000E+00   6.95700000E+08  -9.50000000E+00   1.63500000E+02   1.48947899E+11  -6.77655561E-02  -1.51840848E-01  
       SSW    18  2.00000000E+00   6.95700000E+08  -6.50000000E+00   1.63500000E+02   1.48939761E+11  -5.41555361E-02  -1.52970905E-01  
       SSW    19  2.00000000E+00   6.95700000E+08  -3.50000000E+00   1.65500000E+02   1.48919581E+11  -4.09771030E-02  -1.45973914E-01  
       SSW    20  2.00000000E+00   6.95700000E+08   5.00000000E-01   1.65500000E+02   1.48913132E+11  -2.24614285E-02  -1.46247433E-01  
       SSW    21  1.00000000E+00   6.95700000E+08  -1.65000000E+01   1.57500000E+02   1.49015650E+11  -9.68664398E-02  -1.68666139E-01  
       SSW    22  1.00000000E+00   6.95700000E+08  -1.55000000E+01   1.56500000E+02   1.49019590E+11  -9.21806314E-02  -1.72871021E-01  
       SSW    23  1.00000000E+00   6.95700000E+08  -1.45000000E+01   1.57500000E+02   1.49008180E+11  -8.81365681E-02  -1.70315512E-01  
       SSW    24  1.00000000E+00   6.95700000E+08  -1.45000000E+01   1.60500000E+02   1.48985758E+11  -8.91058059E-02  -1.59895035E-01  
       SSW    25  1.00000000E+00   6.95700000E+08  -1.35000000E+01   1.59500000E+02   1.48989495E+11  -8.43856105E-02  -1.64135810E-01  
       SSW    26  1.00000000E+00   6.95700000E+08  -1.25000000E+01   1.60500000E+02   1.48978691E+11  -8.02742222E-02  -1.61248399E-01  
       SSW    27  1.00000000E+00   6.95700000E+08  -1.25000000E+01   1.64500000E+02   1.48950818E+11  -8.14775880E-02  -1.46547443E-01  
       SSW    28  1.00000000E+00   6.95700000E+08  -1.05000000E+01   1.61500000E+02   1.48964984E+11  -7.16570399E-02  -1.58775407E-01  
       SSW    29  1.00000000E+00   6.95700000E+08  -1.05000000E+01   1.64500000E+02   1.48944180E+11  -7.25540095E-02  -1.47598561E-01  
       SSW    30  1.00000000E+00   6.95700000E+08  -9.50000000E+00   1.64500000E+02   1.48941112E+11  -6.80579745E-02  -1.48056542E-01  
       SSW    31  1.00000000E+00   6.95700000E+08  -8.50000000E+00   1.62500000E+02   1.48951995E+11  -6.29475613E-02  -1.56012042E-01  
       SSW    32  1.00000000E+00   6.95700000E+08  -6.50000000E+00   1.64500000E+02   1.48932924E+11  -5.44495062E-02  -1.49158485E-01  
       SSW    33  1.00000000E+00   6.95700000E+08  -6.50000000E+00   1.65500000E+02   1.48926260E+11  -5.47360259E-02  -1.45300109E-01  
       SSW    34  1.00000000E+00   6.95700000E+08  -5.50000000E+00   1.62500000E+02   1.48944407E+11  -4.92819071E-02  -1.57026471E-01  
       SSW    35  1.00000000E+00   6.95700000E+08  -5.00000000E-01   1.64500000E+02   1.48921186E+11  -2.68172001E-02  -1.50129567E-01  
       SSW    36  1.00000000E+00   6.95700000E+08   5.00000000E-01   1.64500000E+02   1.48919839E+11  -2.21744942E-02  -1.50130920E-01  
       SSW    37  1.00000000E+00   6.95700000E+08   1.50000000E+00   1.65500000E+02   1.48911962E+11  -1.78115690E-02  -1.46204029E-01  
       SSW    38  1.00000000E+00   6.95700000E+08   5.50000000E+00   1.66500000E+02   1.48902559E+11   5.51560436E-04  -1.41672896E-01  
       FSW     0  1.40000000E+01   6.95700000E+08  -1.45000000E+01   1.57500000E+02   1.49008180E+11  -8.81365681E-02  -1.70315512E-01  
       FSW     1  1.30000000E+01   6.95700000E+08  -1.65000000E+01   1.54500000E+02   1.49039225E+11  -9.58461575E-02  -1.78518987E-01  
       FSW     2  1.30000000E+01   6.95700000E+08  -1.55000000E+01   1.55500000E+02   1.49027489E+11  -9.18390176E-02  -1.76172154E-01  
       FSW     3  1.00000000E+01   6.95700000E+08  -1.55000000E+01   1.56500000E+02   1.49019590E+11  -9.21806314E-02  -1.72871021E-01  
       FSW     4  8.00000000E+00   6.95700000E+08  -1.45000000E+01   1.56500000E+02   1.49015965E+11  -8.78000998E-02  -1.73685591E-01  
       FSW     5  4.00000000E+00   6.95700000E+08  -1.05000000E+01   1.61500000E+02   1.48964984E+11  -7.16570399E-02  -1.58775407E-01  
       FSW     6  4.00000000E+00   6.95700000E+08  -6.50000000E+00   1.61500000E+02   1.48953948E+11  -5.35456128E-02  -1.60453219E-01  
       FSW     7  3.00000000E+00   6.95700000E+08  -1.75000000E+01   1.54500000E+02   1.49043053E+11  -1.00171798E-01  -1.77564378E-01  
       FSW     8  2.00000000E+00   6.95700000E+08  -1.35000000E+01   1.58500000E+02   1.48997003E+11  -8.40613027E-02  -1.67624853E-01  
       FSW     9  2.00000000E+00   6.95700000E+08  -1.15000000E+01   1.60500000E+02   1.48975393E+11  -7.58206430E-02  -1.61851295E-01  
       FSW    10  2.00000000E+00   6.95700000E+08  -9.50000000E+00   1.61500000E+02   1.48961981E+11  -6.71588518E-02  -1.59267999E-01  
       FSW    11  2.00000000E+00   6.95700000E+08  -8.50000000E+00   1.61500000E+02   1.48959140E+11  -6.26399568E-02  -1.59711922E-01  
       FSW    12  2.00000000E+00   6.95700000E+08  -7.50000000E+00   1.61500000E+02   1.48956462E+11  -5.81017450E-02  -1.60107037E-01  
       FSW    13  2.00000000E+00   6.95700000E+08  -5.50000000E+00   1.62500000E+02   1.48944407E+11  -4.92819071E-02  -1.57026471E-01  
       FSW    14  2.00000000E+00   6.95700000E+08  -4.50000000E+00   8.35000000E+01   1.49792349E+11  -8.30124877E-03  -2.40198328E-01  
       FSW    15  2.00000000E+00   6.95700000E+08  -3.50000000E+00   8.35000000E+01   1.49791369E+11  -3.68140975E-03  -2.40493238E-01  
       FSW    16  2.00000000E+00   6.95700000E+08  -2.50000000E+00   1.64500000E+02   1.48924405E+11  -3.60763156E-02  -1.49989159E-01  
       FSW    17  2.00000000E+00   6.95700000E+08   3.50000000E+00   1.65500000E+02   1.48910154E+11  -8.49674193E-03  -1.45983119E-01  
       FSW    18  1.00000000E+00   6.95700000E+08  -1.75000000E+01   1.53500000E+02   1.49051161E+11  -9.98207027E-02  -1.80723251E-01  
       FSW    19  1.00000000E+00   6.95700000E+08  -1.55000000E+01   1.54500000E+02   1.49035536E+11  -9.14910140E-02  -1.79419098E-01  
       FSW    20  1.00000000E+00   6.95700000E+08  -1.45000000E+01   1.58500000E+02   1.49000549E+11  -8.84664099E-02  -1.66893027E-01  
       FSW    21  1.00000000E+00   6.95700000E+08  -1.35000000E+01   1.59500000E+02   1.48989495E+11  -8.43856105E-02  -1.64135810E-01  
       FSW    22  1.00000000E+00   6.95700000E+08  -1.25000000E+01   1.60500000E+02   1.48978691E+11  -8.02742222E-02  -1.61248399E-01  
       FSW    23  1.00000000E+00   6.95700000E+08  -1.15000000E+01   1.61500000E+02   1.48968149E+11  -7.61331376E-02  -1.58234301E-01  
       FSW    24  1.00000000E+00   6.95700000E+08  -1.05000000E+01   8.15000000E+01   1.49817574E+11  -3.50057315E-02  -2.32846669E-01  
       FSW    25  1.00000000E+00   6.95700000E+08  -9.50000000E+00   8.15000000E+01   1.49817208E+11  -3.04201588E-02  -2.33564938E-01  
       FSW    26  1.00000000E+00   6.95700000E+08  -5.00000000E-01   1.63500000E+02   1.48928068E+11  -2.65225928E-02  -1.53966761E-01  
       FSW    27  1.00000000E+00   6.95700000E+08   3.50000000E+00   1.64500000E+02   1.48916849E+11  -8.21095405E-03  -1.49859600E-01  
       FSW    28  1.00000000E+00   6.95700000E+08   8.50000000E+00   1.65500000E+02   1.48908757E+11   1.48114412E-02  -1.44650778E-01  
