#ObserverName coordinate is given in the HelioGraphic Carrington coordinate system HGC (R,CRLT,CRLN).
#ObserverName is the center of Helioprojective coordinate system HPC (DIST,HPLT,HPLN).
#CROTA2=0. Sun North is up.
#List of points is given using spherical (r,lat,lon) representation in the HGC and HPC coordinate systems.
#A probability density is given for each point.
#FSS stands for Fast Solar Wind.
#SSW stands for Slow Solar Wind.
#M stands for Measured Solar Wind Speed 
#Data is formatted as follow:
#nVersion
#Rsun(m)
#ObserverTime
#ObserverName R_OBS(m) CRLT_OBS(degrees) CRLN_OBS(degrees)
#npoint_tot npoint_ssw npoint_fsw npoint_m
#SSW/FSW/M     i       density(%)             R(m)    CRLT(degrees)    CRLN(degrees)          DIST(m)    HPLT(degrees)    HPLN(degrees) 
 1
6.95700000E+08
2026-10-07 00:00:00
EARTH  1.49545159E+11  6.42107738E+00  2.15110305E+02 
56 47 9 0
       SSW     0  8.00000000E+00   6.95700000E+08   1.05000000E+01   2.86500000E+02   1.49315491E+11   3.89756513E-02   2.48761571E-01  
       SSW     1  7.00000000E+00   6.95700000E+08   5.50000000E+00   2.87500000E+02   1.49330972E+11   1.64336342E-02   2.53248656E-01  
       SSW     2  5.00000000E+00   6.95700000E+08  -6.50000000E+00   2.92500000E+02   1.49405558E+11  -3.64846877E-02   2.58686661E-01  
       SSW     3  5.00000000E+00   6.95700000E+08   1.15000000E+01   2.86500000E+02   1.49314892E+11   4.35524653E-02   2.47920040E-01  
       SSW     4  4.00000000E+00   6.95700000E+08   4.50000000E+00   2.86500000E+02   1.49320558E+11   1.13151383E-02   2.52209547E-01  
       SSW     5  4.00000000E+00   6.95700000E+08   6.50000000E+00   2.87500000E+02   1.49330002E+11   2.10543818E-02   2.52786153E-01  
       SSW     6  4.00000000E+00   6.95700000E+08   8.50000000E+00   2.86500000E+02   1.49316901E+11   2.97878727E-02   2.50216704E-01  
       SSW     7  3.00000000E+00   6.95700000E+08  -6.50000000E+00   2.93500000E+02   1.49417290E+11  -3.59759789E-02   2.59636888E-01  
       SSW     8  3.00000000E+00   6.95700000E+08  -5.50000000E+00   2.93500000E+02   1.49415685E+11  -3.13857949E-02   2.60116405E-01  
       SSW     9  3.00000000E+00   6.95700000E+08   3.50000000E+00   2.85500000E+02   1.49310249E+11   6.19401789E-03   2.51012398E-01  
       SSW    10  3.00000000E+00   6.95700000E+08   4.50000000E+00   2.89500000E+02   1.49355092E+11   1.28013633E-02   2.56249476E-01  
       SSW    11  3.00000000E+00   6.95700000E+08   5.50000000E+00   2.86500000E+02   1.49319540E+11   1.59419395E-02   2.51826436E-01  
       SSW    12  3.00000000E+00   6.95700000E+08   9.50000000E+00   2.86500000E+02   1.49316161E+11   3.43869856E-02   2.49527203E-01  
       SSW    13  3.00000000E+00   6.95700000E+08   1.15000000E+01   2.84500000E+02   1.49292581E+11   4.25968968E-02   2.44892036E-01  
       SSW    14  2.00000000E+00   6.95700000E+08  -6.50000000E+00   2.91500000E+02   1.49393871E+11  -3.69914936E-02   2.57657403E-01  
       SSW    15  2.00000000E+00   6.95700000E+08   3.50000000E+00   2.86500000E+02   1.49321646E+11   6.68495061E-03   2.52515712E-01  
       SSW    16  2.00000000E+00   6.95700000E+08   6.50000000E+00   2.86500000E+02   1.49318590E+11   2.05639383E-02   2.51366495E-01  
       SSW    17  2.00000000E+00   6.95700000E+08   7.50000000E+00   2.86500000E+02   1.49317711E+11   2.51797202E-02   2.50829864E-01  
       SSW    18  2.00000000E+00   6.95700000E+08   7.50000000E+00   2.87500000E+02   1.49329097E+11   2.56687648E-02   2.52246532E-01  
       SSW    19  2.00000000E+00   6.95700000E+08   8.50000000E+00   2.87500000E+02   1.49328260E+11   3.02753714E-02   2.51629956E-01  
       SSW    20  2.00000000E+00   6.95700000E+08   1.05000000E+01   2.83500000E+02   1.49282017E+11   3.75409174E-02   2.44091296E-01  
       SSW    21  2.00000000E+00   6.95700000E+08   1.05000000E+01   2.85500000E+02   1.49304263E+11   3.84944460E-02   2.47280325E-01  
       SSW    22  2.00000000E+00   6.95700000E+08   1.25000000E+01   2.85500000E+02   1.49303215E+11   4.76389066E-02   2.45531963E-01  
       SSW    23  1.00000000E+00   6.95700000E+08  -7.50000000E+00   2.92500000E+02   1.49407229E+11  -4.10630680E-02   2.58130001E-01  
       SSW    24  1.00000000E+00   6.95700000E+08  -6.50000000E+00   2.90500000E+02   1.49382232E+11  -3.74962415E-02   2.56549409E-01  
       SSW    25  1.00000000E+00   6.95700000E+08  -5.50000000E+00   2.89500000E+02   1.49368953E+11  -3.34108936E-02   2.55834772E-01  
       SSW    26  1.00000000E+00   6.95700000E+08  -5.50000000E+00   2.97500000E+02   1.49463076E+11  -2.93327241E-02   2.63127326E-01  
       SSW    27  1.00000000E+00   6.95700000E+08  -3.50000000E+00   2.96500000E+02   1.49448187E+11  -2.06380360E-02   2.63222020E-01  
       SSW    28  1.00000000E+00   6.95700000E+08   5.00000000E-01   2.85500000E+02   1.49313901E+11  -7.70464348E-03   2.51465738E-01  
       SSW    29  1.00000000E+00   6.95700000E+08   1.50000000E+00   2.98500000E+02   1.49465163E+11   3.50515067E-03   2.64825963E-01  
       SSW    30  1.00000000E+00   6.95700000E+08   2.50000000E+00   2.85500000E+02   1.49311395E+11   1.56106101E-03   2.51240179E-01  
       SSW    31  1.00000000E+00   6.95700000E+08   3.50000000E+00   2.94500000E+02   1.49414914E+11   1.07010430E-02   2.61728930E-01  
       SSW    32  1.00000000E+00   6.95700000E+08   4.50000000E+00   2.87500000E+02   1.49332008E+11   1.18079358E-02   2.53633901E-01  
       SSW    33  1.00000000E+00   6.95700000E+08   4.50000000E+00   2.88500000E+02   1.49343520E+11   1.23033948E-02   2.54980675E-01  
       SSW    34  1.00000000E+00   6.95700000E+08   5.50000000E+00   2.88500000E+02   1.49342467E+11   1.69279847E-02   2.54593414E-01  
       SSW    35  1.00000000E+00   6.95700000E+08   5.50000000E+00   2.89500000E+02   1.49354021E+11   1.74248392E-02   2.55860319E-01  
       SSW    36  1.00000000E+00   6.95700000E+08   5.50000000E+00   2.90500000E+02   1.49365630E+11   1.79240453E-02   2.57049000E-01  
       SSW    37  1.00000000E+00   6.95700000E+08   5.50000000E+00   2.91500000E+02   1.49377292E+11   1.84254498E-02   2.58159112E-01  
       SSW    38  1.00000000E+00   6.95700000E+08   8.50000000E+00   2.79500000E+02   1.49239419E+11   2.64615985E-02   2.38206772E-01  
       SSW    39  1.00000000E+00   6.95700000E+08   9.50000000E+00   2.85500000E+02   1.49304898E+11   3.39039531E-02   2.48041456E-01  
       SSW    40  1.00000000E+00   6.95700000E+08   9.50000000E+00   2.87500000E+02   1.49327488E+11   3.48727921E-02   2.50936613E-01  
       SSW    41  1.00000000E+00   6.95700000E+08   1.05000000E+01   2.82500000E+02   1.49271006E+11   3.70688873E-02   2.42384455E-01  
       SSW    42  1.00000000E+00   6.95700000E+08   1.05000000E+01   2.84500000E+02   1.49293104E+11   3.80161524E-02   2.45723414E-01  
       SSW    43  1.00000000E+00   6.95700000E+08   1.15000000E+01   2.77500000E+02   1.49216934E+11   3.93559401E-02   2.31960039E-01  
       SSW    44  1.00000000E+00   6.95700000E+08   1.15000000E+01   2.82500000E+02   1.49270558E+11   4.16535130E-02   2.41564253E-01  
       SSW    45  1.00000000E+00   6.95700000E+08   1.15000000E+01   2.85500000E+02   1.49303702E+11   4.30732311E-02   2.46443742E-01  
       SSW    46  1.00000000E+00   6.95700000E+08   1.25000000E+01   2.84500000E+02   1.49292135E+11   4.71646736E-02   2.43985930E-01  
       FSW     0  3.00000000E+01   6.95700000E+08   1.55000000E+01   2.32500000E+02   1.48888802E+11   4.35636917E-02   7.71035676E-02  
       FSW     1  2.30000000E+01   6.95700000E+08   1.65000000E+01   2.33500000E+02   1.48894248E+11   4.83166604E-02   8.09792150E-02  
       FSW     2  2.00000000E+01   6.95700000E+08   1.55000000E+01   2.33500000E+02   1.48892389E+11   4.37173210E-02   8.13865258E-02  
       FSW     3  1.50000000E+01   6.95700000E+08   1.65000000E+01   2.32500000E+02   1.48890678E+11   4.81639102E-02   7.67176822E-02  
       FSW     4  7.00000000E+00   6.95700000E+08   1.75000000E+01   2.33500000E+02   1.48896306E+11   5.29010970E-02   8.05471403E-02  
       FSW     5  2.00000000E+00   6.95700000E+08   1.75000000E+01   2.32500000E+02   1.48892755E+11   5.27492712E-02   7.63083357E-02  
       FSW     6  1.00000000E+00   6.95700000E+08   1.45000000E+01   2.32500000E+02   1.48887126E+11   3.89500348E-02   7.74658718E-02  
       FSW     7  1.00000000E+00   6.95700000E+08   1.45000000E+01   2.33500000E+02   1.48890730E+11   3.91044976E-02   8.17689460E-02  
       FSW     8  1.00000000E+00   6.95700000E+08   1.75000000E+01   2.34500000E+02   1.48900047E+11   5.30611006E-02   8.47610995E-02  
