#ObserverName coordinate is given in the HelioGraphic Carrington coordinate system HGC (R,CRLT,CRLN).
#ObserverName is the center of Helioprojective coordinate system HPC (DIST,HPLT,HPLN).
#CROTA2=0. Sun North is up.
#List of points is given using spherical (r,lat,lon) representation in the HGC and HPC coordinate systems.
#A probability density is given for each point.
#FSS stands for Fast Solar Wind.
#SSW stands for Slow Solar Wind.
#M stands for Measured Solar Wind Speed 
#Data is formatted as follow:
#nVersion
#Rsun(m)
#ObserverTime
#ObserverName R_OBS(m) CRLT_OBS(degrees) CRLN_OBS(degrees)
#npoint_tot npoint_ssw npoint_fsw npoint_m
#SSW/FSW/M     i       density(%)             R(m)    CRLT(degrees)    CRLN(degrees)          DIST(m)    HPLT(degrees)    HPLN(degrees) 
 1
6.95700000E+08
2026-10-09 06:00:00
PSP  1.05982714E+11  3.48994193E+00  1.29404750E+02 
60 29 31 0
       SSW     0  3.80000000E+01   6.95700000E+08  -1.25000000E+01   1.89500000E+02   1.48793226E+11  -8.61961503E-02   1.85809191E-02  
       SSW     1  6.00000000E+00   6.95700000E+08  -1.15000000E+01   1.89500000E+02   1.48789406E+11  -8.17585111E-02   1.86504574E-02  
       SSW     2  5.00000000E+00   6.95700000E+08  -3.50000000E+00   1.70500000E+02   1.48787848E+11  -4.45448884E-02  -6.88757568E-02  
       SSW     3  5.00000000E+00   6.95700000E+08  -5.00000000E-01   1.71500000E+02   1.48779598E+11  -3.07929551E-02  -6.44772699E-02  
       SSW     4  5.00000000E+00   6.95700000E+08   5.00000000E-01   1.70500000E+02   1.48781283E+11  -2.60172488E-02  -6.90048674E-02  
       SSW     5  5.00000000E+00   6.95700000E+08   1.50000000E+00   1.71500000E+02   1.48777133E+11  -2.14895933E-02  -6.44586927E-02  
       SSW     6  4.00000000E+00   6.95700000E+08  -2.50000000E+00   1.70500000E+02   1.48785901E+11  -3.99300475E-02  -6.89396849E-02  
       SSW     7  3.00000000E+00   6.95700000E+08  -1.50000000E+00   1.69500000E+02   1.48787381E+11  -3.51659906E-02  -7.34867802E-02  
       SSW     8  3.00000000E+00   6.95700000E+08  -5.00000000E-01   1.70500000E+02   1.48782618E+11  -3.06647979E-02  -6.90042508E-02  
       SSW     9  3.00000000E+00   6.95700000E+08   1.50000000E+00   1.70500000E+02   1.48780152E+11  -2.13616618E-02  -6.89843698E-02  
       SSW    10  2.00000000E+00   6.95700000E+08  -1.35000000E+01   1.89500000E+02   1.48797247E+11  -9.06071844E-02   1.85056997E-02  
       SSW    11  2.00000000E+00   6.95700000E+08  -1.25000000E+01   1.90500000E+02   1.48794170E+11  -8.61557505E-02   2.31309678E-02  
       SSW    12  2.00000000E+00   6.95700000E+08  -2.50000000E+00   1.69500000E+02   1.48789123E+11  -3.97931483E-02  -7.34411481E-02  
       SSW    13  2.00000000E+00   6.95700000E+08   3.50000000E+00   1.71500000E+02   1.48775492E+11  -1.21596743E-02  -6.43612260E-02  
       SSW    14  1.00000000E+00   6.95700000E+08  -1.65000000E+01   1.87500000E+02   1.48809256E+11  -1.03720608E-01   9.29451192E-03  
       SSW    15  1.00000000E+00   6.95700000E+08  -1.55000000E+01   1.88500000E+02   1.48805158E+11  -9.93752415E-02   1.38420108E-02  
       SSW    16  1.00000000E+00   6.95700000E+08  -6.50000000E+00   1.68500000E+02   1.48801510E+11  -5.80195207E-02  -7.74881691E-02  
       SSW    17  1.00000000E+00   6.95700000E+08  -4.50000000E+00   1.69500000E+02   1.48793211E+11  -4.90091707E-02  -7.32824995E-02  
       SSW    18  1.00000000E+00   6.95700000E+08  -4.50000000E+00   1.70500000E+02   1.48789997E+11  -4.91459732E-02  -6.87907571E-02  
       SSW    19  1.00000000E+00   6.95700000E+08  -2.50000000E+00   1.71500000E+02   1.48782884E+11  -4.00582726E-02  -6.44169385E-02  
       SSW    20  1.00000000E+00   6.95700000E+08  -1.50000000E+00   1.70500000E+02   1.48784158E+11  -3.53028747E-02  -6.89825209E-02  
       SSW    21  1.00000000E+00   6.95700000E+08  -1.50000000E+00   1.71500000E+02   1.48781139E+11  -3.54310856E-02  -6.44569651E-02  
       SSW    22  1.00000000E+00   6.95700000E+08  -1.50000000E+00   1.86500000E+02   1.48760849E+11  -3.62927426E-02   5.02030963E-03  
       SSW    23  1.00000000E+00   6.95700000E+08   5.00000000E-01   1.71500000E+02   1.48778263E+11  -2.61453128E-02  -6.44778460E-02  
       SSW    24  1.00000000E+00   6.95700000E+08   1.50000000E+00   1.72500000E+02   1.48774319E+11  -2.16088305E-02  -5.99131146E-02  
       SSW    25  1.00000000E+00   6.95700000E+08   3.50000000E+00   1.69500000E+02   1.48781725E+11  -1.18959480E-02  -7.33776335E-02  
       SSW    26  1.00000000E+00   6.95700000E+08   3.50000000E+00   1.70500000E+02   1.48778506E+11  -1.20321253E-02  -6.88800620E-02  
       SSW    27  1.00000000E+00   6.95700000E+08   4.50000000E+00   1.70500000E+02   1.48777991E+11  -7.36105593E-03  -6.87962834E-02  
       SSW    28  1.00000000E+00   6.95700000E+08   6.50000000E+00   1.70500000E+02   1.48777579E+11   1.98647467E-03  -6.85656048E-02  
       FSW     0  1.10000000E+01   6.95700000E+08   4.50000000E+00   1.66500000E+02   1.48792063E+11  -6.76618263E-03  -8.66234501E-02  
       FSW     1  1.00000000E+01   6.95700000E+08   5.50000000E+00   1.67500000E+02   1.48787918E+11  -2.25529625E-03  -8.20780935E-02  
       FSW     2  7.00000000E+00   6.95700000E+08  -1.50000000E+00   1.66500000E+02   1.48798268E+11  -3.47037416E-02  -8.68579250E-02  
       FSW     3  7.00000000E+00   6.95700000E+08   2.50000000E+00   1.66500000E+02   1.48793328E+11  -1.61024494E-02  -8.68078705E-02  
       FSW     4  7.00000000E+00   6.95700000E+08   3.50000000E+00   1.66500000E+02   1.48792595E+11  -1.14360853E-02  -8.67289282E-02  
       FSW     5  7.00000000E+00   6.95700000E+08   6.50000000E+00   1.67500000E+02   1.48787796E+11   2.41777359E-03  -8.19277296E-02  
       FSW     6  5.00000000E+00   6.95700000E+08  -8.50000000E+00   1.66500000E+02   1.48814563E+11  -6.67887362E-02  -8.59239449E-02  
       FSW     7  4.00000000E+00   6.95700000E+08  -2.50000000E+00   1.66500000E+02   1.48800002E+11  -3.93308480E-02  -8.68039940E-02  
       FSW     8  4.00000000E+00   6.95700000E+08  -5.00000000E-01   1.66500000E+02   1.48796733E+11  -3.00659160E-02  -8.68852832E-02  
       FSW     9  3.00000000E+00   6.95700000E+08  -8.50000000E+00   1.65500000E+02   1.48818550E+11  -6.66185954E-02  -9.02818591E-02  
       FSW    10  3.00000000E+00   6.95700000E+08  -7.50000000E+00   1.66500000E+02   1.48811645E+11  -6.22557722E-02  -8.61366533E-02  
       FSW    11  3.00000000E+00   6.95700000E+08  -3.50000000E+00   1.66500000E+02   1.48801936E+11  -4.39458076E-02  -8.67235079E-02  
       FSW    12  3.00000000E+00   6.95700000E+08   5.00000000E-01   1.66500000E+02   1.48795397E+11  -2.54188024E-02  -8.68860595E-02  
       FSW    13  3.00000000E+00   6.95700000E+08   7.50000000E+00   1.67500000E+02   1.48787876E+11   7.09010500E-03  -8.17522987E-02  
       FSW    14  2.00000000E+00   6.95700000E+08  -9.50000000E+00   1.66500000E+02   1.48817675E+11  -7.13010858E-02  -8.56849607E-02  
       FSW    15  2.00000000E+00   6.95700000E+08  -1.50000000E+00   1.67500000E+02   1.48794437E+11  -3.48663772E-02  -8.24258602E-02  
       FSW    16  2.00000000E+00   6.95700000E+08  -5.00000000E-01   1.67500000E+02   1.48792901E+11  -3.02284835E-02  -8.24518231E-02  
       FSW    17  2.00000000E+00   6.95700000E+08   4.50000000E+00   1.67500000E+02   1.48788243E+11  -6.92766201E-03  -8.22033440E-02  
       FSW    18  2.00000000E+00   6.95700000E+08   9.50000000E+00   1.66500000E+02   1.48792424E+11   1.65859477E-02  -8.56994393E-02  
       FSW    19  2.00000000E+00   6.95700000E+08   1.05000000E+01   1.64500000E+02   1.48801224E+11   2.15886842E-02  -9.40743462E-02  
       FSW    20  1.00000000E+00   6.95700000E+08  -1.15000000E+01   1.64500000E+02   1.48832574E+11  -7.99122148E-02  -9.37360602E-02  
       FSW    21  1.00000000E+00   6.95700000E+08  -1.05000000E+01   1.65500000E+02   1.48824944E+11  -7.56220477E-02  -8.97521336E-02  
       FSW    22  1.00000000E+00   6.95700000E+08  -9.50000000E+00   1.65500000E+02   1.48821651E+11  -7.11312976E-02  -9.00307607E-02  
       FSW    23  1.00000000E+00   6.95700000E+08  -5.50000000E+00   1.66500000E+02   1.48806397E+11  -5.31335960E-02  -8.64829819E-02  
       FSW    24  1.00000000E+00   6.95700000E+08   1.50000000E+00   1.66500000E+02   1.48794263E+11  -2.07638347E-02  -8.68602528E-02  
       FSW    25  1.00000000E+00   6.95700000E+08   3.50000000E+00   1.67500000E+02   1.48788771E+11  -1.15978814E-02  -8.23034425E-02  
       FSW    26  1.00000000E+00   6.95700000E+08   5.50000000E+00   1.66500000E+02   1.48791732E+11  -2.09418267E-03  -8.64914682E-02  
       FSW    27  1.00000000E+00   6.95700000E+08   9.50000000E+00   1.65500000E+02   1.48796401E+11   1.67534161E-02  -9.00459733E-02  
       FSW    28  1.00000000E+00   6.95700000E+08   1.05000000E+01   1.63500000E+02   1.48805578E+11   2.17719002E-02  -9.83507904E-02  
       FSW    29  1.00000000E+00   6.95700000E+08   1.25000000E+01   1.63500000E+02   1.48807445E+11   3.10680345E-02  -9.76535027E-02  
       FSW    30  1.00000000E+00   6.95700000E+08   1.35000000E+01   1.63500000E+02   1.48808674E+11   3.57024557E-02  -9.72599992E-02  
