#ObserverName coordinate is given in the HelioGraphic Carrington coordinate system HGC (R,CRLT,CRLN).
#ObserverName is the center of Helioprojective coordinate system HPC (DIST,HPLT,HPLN).
#CROTA2=0. Sun North is up.
#List of points is given using spherical (r,lat,lon) representation in the HGC and HPC coordinate systems.
#A probability density is given for each point.
#FSS stands for Fast Solar Wind.
#SSW stands for Slow Solar Wind.
#M stands for Measured Solar Wind Speed 
#Data is formatted as follow:
#nVersion
#Rsun(m)
#ObserverTime
#ObserverName R_OBS(m) CRLT_OBS(degrees) CRLN_OBS(degrees)
#npoint_tot npoint_ssw npoint_fsw npoint_m
#SSW/FSW/M     i       density(%)             R(m)    CRLT(degrees)    CRLN(degrees)          DIST(m)    HPLT(degrees)    HPLN(degrees) 
 1
6.95700000E+08
2026-10-06 06:00:00
STA  1.44590650E+11 -1.02780444E+00  2.95260908E+02 
53 29 24 0
       SSW     0  2.10000000E+01   6.95700000E+08  -6.50000000E+00   1.75000000E+01   1.50195109E+11  -3.52179791E-03   1.21779433E-01  
       SSW     1  7.00000000E+00   6.95700000E+08   4.50000000E+00   3.15000000E+01   1.50240793E+11   4.96373113E-02   6.17695787E-02  
       SSW     2  6.00000000E+00   6.95700000E+08  -6.50000000E+00   1.85000000E+01   1.50200530E+11  -3.28641712E-03   1.17674839E-01  
       SSW     3  5.00000000E+00   6.95700000E+08   2.50000000E+00   2.85000000E+01   1.50235616E+11   4.01114624E-02   7.53079148E-02  
       SSW     4  5.00000000E+00   6.95700000E+08   8.50000000E+00   3.45000000E+01   1.50237510E+11   6.80135144E-02   4.78439786E-02  
       SSW     5  4.00000000E+00   6.95700000E+08  -7.50000000E+00   1.65000000E+01   1.50189568E+11  -8.38939969E-03   1.25577921E-01  
       SSW     6  4.00000000E+00   6.95700000E+08  -7.50000000E+00   1.75000000E+01   1.50195162E+11  -8.14632543E-03   1.21518692E-01  
       SSW     7  4.00000000E+00   6.95700000E+08  -2.50000000E+00   2.25000000E+01   1.50218386E+11   1.60712149E-02   1.01472488E-01  
       SSW     8  4.00000000E+00   6.95700000E+08   2.50000000E+00   2.95000000E+01   1.50238925E+11   4.02541833E-02   7.08594252E-02  
       SSW     9  4.00000000E+00   6.95700000E+08   3.50000000E+00   2.95000000E+01   1.50236960E+11   4.48233017E-02   7.07955689E-02  
       SSW    10  4.00000000E+00   6.95700000E+08   5.50000000E+00   3.15000000E+01   1.50238419E+11   5.41775520E-02   6.16763071E-02  
       SSW    11  3.00000000E+00   6.95700000E+08  -4.50000000E+00   1.95000000E+01   1.50205133E+11   6.19264807E-03   1.13917605E-01  
       SSW    12  3.00000000E+00   6.95700000E+08  -1.50000000E+00   2.25000000E+01   1.50217413E+11   2.06871122E-02   1.01535014E-01  
       SSW    13  3.00000000E+00   6.95700000E+08   3.50000000E+00   3.05000000E+01   1.50240064E+11   4.49570966E-02   6.63298101E-02  
       SSW    14  3.00000000E+00   6.95700000E+08   4.50000000E+00   3.05000000E+01   1.50237895E+11   4.95124915E-02   6.62498657E-02  
       SSW    15  2.00000000E+00   6.95700000E+08  -5.50000000E+00   1.95000000E+01   1.50205544E+11   1.56697761E-03   1.13743473E-01  
       SSW    16  2.00000000E+00   6.95700000E+08  -5.00000000E-01   2.45000000E+01   1.50225053E+11   2.56775397E-02   9.29442439E-02  
       SSW    17  2.00000000E+00   6.95700000E+08  -5.00000000E-01   2.55000000E+01   1.50229163E+11   2.58551883E-02   8.85904221E-02  
       SSW    18  2.00000000E+00   6.95700000E+08   7.50000000E+00   3.25000000E+01   1.50235751E+11   6.33230192E-02   5.69592920E-02  
       SSW    19  2.00000000E+00   6.95700000E+08   7.50000000E+00   3.35000000E+01   1.50238228E+11   6.34294837E-02   5.24677917E-02  
       SSW    20  2.00000000E+00   6.95700000E+08   8.50000000E+00   3.35000000E+01   1.50235242E+11   6.79161117E-02   5.23402927E-02  
       SSW    21  1.00000000E+00   6.95700000E+08  -3.50000000E+00   2.05000000E+01   1.50209600E+11   1.10360994E-02   1.09863805E-01  
       SSW    22  1.00000000E+00   6.95700000E+08  -3.50000000E+00   2.15000000E+01   1.50214478E+11   1.12474622E-02   1.05637381E-01  
       SSW    23  1.00000000E+00   6.95700000E+08  -1.50000000E+00   2.35000000E+01   1.50221913E+11   2.08817810E-02   9.72397318E-02  
       SSW    24  1.00000000E+00   6.95700000E+08  -5.00000000E-01   2.35000000E+01   1.50220747E+11   2.54913921E-02   9.72701190E-02  
       SSW    25  1.00000000E+00   6.95700000E+08   5.00000000E-01   2.55000000E+01   1.50227802E+11   3.04568908E-02   8.85912282E-02  
       SSW    26  1.00000000E+00   6.95700000E+08   1.50000000E+00   2.85000000E+01   1.50237378E+11   3.55300634E-02   7.53529411E-02  
       SSW    27  1.00000000E+00   6.95700000E+08   6.50000000E+00   3.15000000E+01   1.50235845E+11   5.87015118E-02   6.15643276E-02  
       SSW    28  1.00000000E+00   6.95700000E+08   6.50000000E+00   3.25000000E+01   1.50238531E+11   5.88170269E-02   5.70804285E-02  
       FSW     0  2.20000000E+01   6.95700000E+08   1.95000000E+01   3.37500000E+02   1.49801319E+11   9.90619746E-02   2.31744778E-01  
       FSW     1  1.70000000E+01   6.95700000E+08   1.95000000E+01   3.38500000E+02   1.49811772E+11   9.95087170E-02   2.30018591E-01  
       FSW     2  1.00000000E+01   6.95700000E+08  -8.50000000E+00   2.93500000E+02   1.49339079E+11  -5.00963738E-02   2.45605131E-01  
       FSW     3  1.00000000E+01   6.95700000E+08  -7.50000000E+00   2.94500000E+02   1.49348291E+11  -4.50511343E-02   2.47848620E-01  
       FSW     4  9.00000000E+00   6.95700000E+08   2.05000000E+01   3.37500000E+02   1.49798460E+11   1.03331813E-01   2.30281666E-01  
       FSW     5  7.00000000E+00   6.95700000E+08   2.05000000E+01   3.38500000E+02   1.49808847E+11   1.03775439E-01   2.28566477E-01  
       FSW     6  4.00000000E+00   6.95700000E+08  -8.50000000E+00   2.94500000E+02   1.49350236E+11  -4.96084441E-02   2.47238194E-01  
       FSW     7  3.00000000E+00   6.95700000E+08  -9.50000000E+00   2.93500000E+02   1.49341124E+11  -5.46374138E-02   2.44923777E-01  
       FSW     8  2.00000000E+00   6.95700000E+08  -5.55000000E+01   3.28500000E+02   1.49734155E+11  -2.14034864E-01   1.46621207E-01  
       FSW     9  2.00000000E+00   6.95700000E+08  -8.50000000E+00   2.95500000E+02   1.49361465E+11  -4.91173928E-02   2.48795588E-01  
       FSW    10  1.00000000E+00   6.95700000E+08  -5.75000000E+01   3.10500000E+02   1.49615197E+11  -2.24535480E-01   1.42706944E-01  
       FSW    11  1.00000000E+00   6.95700000E+08  -5.75000000E+01   3.16500000E+02   1.49654046E+11  -2.22791338E-01   1.43063442E-01  
       FSW    12  1.00000000E+00   6.95700000E+08  -5.75000000E+01   3.18500000E+02   1.49666991E+11  -2.22210276E-01   1.42833667E-01  
       FSW    13  1.00000000E+00   6.95700000E+08  -5.65000000E+01   3.03500000E+02   1.49567532E+11  -2.24126555E-01   1.44140103E-01  
       FSW    14  1.00000000E+00   6.95700000E+08  -5.55000000E+01   3.25500000E+02   1.49714124E+11  -2.14932940E-01   1.48281599E-01  
       FSW    15  1.00000000E+00   6.95700000E+08  -5.55000000E+01   3.30500000E+02   1.49747372E+11  -2.13442360E-01   1.45291090E-01  
       FSW    16  1.00000000E+00   6.95700000E+08  -5.45000000E+01   3.31500000E+02   1.49755953E+11  -2.10376105E-01   1.48206507E-01  
       FSW    17  1.00000000E+00   6.95700000E+08  -5.45000000E+01   3.32500000E+02   1.49762645E+11  -2.10076273E-01   1.47411438E-01  
       FSW    18  1.00000000E+00   6.95700000E+08  -5.35000000E+01   3.36500000E+02   1.49791792E+11  -2.06023145E-01   1.47279326E-01  
       FSW    19  1.00000000E+00   6.95700000E+08  -1.25000000E+01   2.92500000E+02   1.49336753E+11  -6.86339500E-02   2.40746038E-01  
       FSW    20  1.00000000E+00   6.95700000E+08  -1.15000000E+01   2.92500000E+02   1.49334452E+11  -6.41489033E-02   2.41644549E-01  
       FSW    21  1.00000000E+00   6.95700000E+08  -1.05000000E+01   2.93500000E+02   1.49343242E+11  -5.91616583E-02   2.44167718E-01  
       FSW    22  1.00000000E+00   6.95700000E+08  -5.50000000E+00   2.98500000E+02   1.49390221E+11  -3.39062430E-02   2.54650534E-01  
       FSW    23  1.00000000E+00   6.95700000E+08  -4.50000000E+00   2.97500000E+02   1.49377041E+11  -2.98120011E-02   2.53704279E-01  
