#ObserverName coordinate is given in the HelioGraphic Carrington coordinate system HGC (R,CRLT,CRLN).
#ObserverName is the center of Helioprojective coordinate system HPC (DIST,HPLT,HPLN).
#CROTA2=0. Sun North is up.
#List of points is given using spherical (r,lat,lon) representation in the HGC and HPC coordinate systems.
#A probability density is given for each point.
#FSS stands for Fast Solar Wind.
#SSW stands for Slow Solar Wind.
#M stands for Measured Solar Wind Speed 
#Data is formatted as follow:
#nVersion
#Rsun(m)
#ObserverTime
#ObserverName R_OBS(m) CRLT_OBS(degrees) CRLN_OBS(degrees)
#npoint_tot npoint_ssw npoint_fsw npoint_m
#SSW/FSW/M     i       density(%)             R(m)    CRLT(degrees)    CRLN(degrees)          DIST(m)    HPLT(degrees)    HPLN(degrees) 
 1
6.95700000E+08
2026-10-06 06:00:00
EARTH  1.49576705E+11  6.46410019E+00  2.25005488E+02 
50 36 14 0
       SSW     0  1.10000000E+01   6.95700000E+08  -6.50000000E+00   2.93500000E+02   1.49335208E+11  -4.09694689E-02   2.46742906E-01  
       SSW     1  9.00000000E+00   6.95700000E+08  -3.50000000E+00   2.96500000E+02   1.49363954E+11  -2.57065647E-02   2.52599301E-01  
       SSW     2  8.00000000E+00   6.95700000E+08  -2.50000000E+00   2.96500000E+02   1.49362386E+11  -2.10937584E-02   2.52833110E-01  
       SSW     3  8.00000000E+00   6.95700000E+08   5.50000000E+00   2.89500000E+02   1.49274218E+11   1.25457704E-02   2.39897374E-01  
       SSW     4  5.00000000E+00   6.95700000E+08   6.50000000E+00   2.87500000E+02   1.49251901E+11   1.62443155E-02   2.35359944E-01  
       SSW     5  4.00000000E+00   6.95700000E+08   2.50000000E+00   2.94500000E+02   1.49332786E+11   1.05247029E-03   2.49775230E-01  
       SSW     6  4.00000000E+00   6.95700000E+08   7.50000000E+00   2.87500000E+02   1.49251222E+11   2.08709779E-02   2.34857168E-01  
       SSW     7  3.00000000E+00   6.95700000E+08  -6.50000000E+00   2.92500000E+02   1.49324075E+11  -4.14556920E-02   2.45026826E-01  
       SSW     8  3.00000000E+00   6.95700000E+08   1.50000000E+00   2.99500000E+02   1.49391422E+11  -1.08740411E-03   2.57022157E-01  
       SSW     9  3.00000000E+00   6.95700000E+08   4.50000000E+00   2.89500000E+02   1.49275129E+11   7.91279058E-03   2.40262510E-01  
       SSW    10  3.00000000E+00   6.95700000E+08   5.50000000E+00   2.88500000E+02   1.49263403E+11   1.20772581E-02   2.37880573E-01  
       SSW    11  3.00000000E+00   6.95700000E+08   5.50000000E+00   2.90500000E+02   1.49285124E+11   1.30181316E-02   2.41840667E-01  
       SSW    12  3.00000000E+00   6.95700000E+08   1.05000000E+01   2.86500000E+02   1.49239286E+11   3.42541561E-02   2.30783505E-01  
       SSW    13  2.00000000E+00   6.95700000E+08  -7.50000000E+00   2.94500000E+02   1.49348291E+11  -4.50511343E-02   2.47848620E-01  
       SSW    14  2.00000000E+00   6.95700000E+08  -4.50000000E+00   2.96500000E+02   1.49365587E+11  -3.03114307E-02   2.52288446E-01  
       SSW    15  2.00000000E+00   6.95700000E+08  -4.50000000E+00   2.97500000E+02   1.49377041E+11  -2.98120011E-02   2.53704279E-01  
       SSW    16  2.00000000E+00   6.95700000E+08  -3.50000000E+00   2.95500000E+02   1.49352551E+11  -2.62034218E-02   2.51104469E-01  
       SSW    17  2.00000000E+00   6.95700000E+08  -1.50000000E+00   2.96500000E+02   1.49360884E+11  -1.64744226E-02   2.52989796E-01  
       SSW    18  2.00000000E+00   6.95700000E+08   4.50000000E+00   2.90500000E+02   1.49286051E+11   8.38620964E-03   2.42208735E-01  
       SSW    19  2.00000000E+00   6.95700000E+08   5.50000000E+00   2.87500000E+02   1.49252680E+11   1.16127393E-02   2.35790867E-01  
       SSW    20  2.00000000E+00   6.95700000E+08   6.50000000E+00   2.88500000E+02   1.49262604E+11   1.67076533E-02   2.37445862E-01  
       SSW    21  2.00000000E+00   6.95700000E+08   8.50000000E+00   2.86500000E+02   1.49240084E+11   2.50348527E-02   2.32134428E-01  
       SSW    22  2.00000000E+00   6.95700000E+08   9.50000000E+00   2.86500000E+02   1.49239633E+11   2.96490179E-02   2.31494306E-01  
       SSW    23  1.00000000E+00   6.95700000E+08  -7.50000000E+00   2.93500000E+02   1.49337107E+11  -4.55399275E-02   2.46211570E-01  
       SSW    24  1.00000000E+00   6.95700000E+08  -6.50000000E+00   2.94500000E+02   1.49346416E+11  -4.04799638E-02   2.48383448E-01  
       SSW    25  1.00000000E+00   6.95700000E+08  -5.50000000E+00   2.93500000E+02   1.49333383E+11  -3.63863963E-02   2.47198972E-01  
       SSW    26  1.00000000E+00   6.95700000E+08   5.00000000E-01   3.00500000E+02   1.49404401E+11  -5.20954901E-03   2.58283709E-01  
       SSW    27  1.00000000E+00   6.95700000E+08   3.50000000E+00   2.94500000E+02   1.49331640E+11   5.68483153E-03   2.49548776E-01  
       SSW    28  1.00000000E+00   6.95700000E+08   4.50000000E+00   2.86500000E+02   1.49242915E+11   6.51625601E-03   2.33984553E-01  
       SSW    29  1.00000000E+00   6.95700000E+08   4.50000000E+00   2.87500000E+02   1.49253558E+11   6.97766961E-03   2.36149805E-01  
       SSW    30  1.00000000E+00   6.95700000E+08   4.50000000E+00   2.88500000E+02   1.49264297E+11   7.44322899E-03   2.38242666E-01  
       SSW    31  1.00000000E+00   6.95700000E+08   5.50000000E+00   2.91500000E+02   1.49296115E+11   1.34941962E-02   2.43709874E-01  
       SSW    32  1.00000000E+00   6.95700000E+08   7.50000000E+00   2.86500000E+02   1.49240637E+11   2.04130755E-02   2.32703677E-01  
       SSW    33  1.00000000E+00   6.95700000E+08   8.50000000E+00   2.87500000E+02   1.49250642E+11   2.54913081E-02   2.34282692E-01  
       SSW    34  1.00000000E+00   6.95700000E+08   1.15000000E+01   2.86500000E+02   1.49239043E+11   3.88488548E-02   2.30002243E-01  
       SSW    35  1.00000000E+00   6.95700000E+08   2.15000000E+01   3.37500000E+02   1.49795534E+11   1.07570387E-01   2.28748453E-01  
       FSW     0  2.90000000E+01   6.95700000E+08   1.65000000E+01   2.33500000E+02   1.48899004E+11   4.69682785E-02   3.79152266E-02  
       FSW     1  1.90000000E+01   6.95700000E+08   1.55000000E+01   2.33500000E+02   1.48897020E+11   4.23627578E-02   3.81059654E-02  
       FSW     2  1.00000000E+01   6.95700000E+08   9.50000000E+00   2.72500000E+02   1.49103986E+11   2.37861620E-02   1.94380060E-01  
       FSW     3  9.00000000E+00   6.95700000E+08   8.50000000E+00   2.73500000E+02   1.49112955E+11   1.95364334E-02   1.97994325E-01  
       FSW     4  8.00000000E+00   6.95700000E+08   1.55000000E+01   2.32500000E+02   1.48895395E+11   4.22927232E-02   3.36477189E-02  
       FSW     5  6.00000000E+00   6.95700000E+08   9.50000000E+00   2.73500000E+02   1.49112856E+11   2.41696967E-02   1.97447881E-01  
       FSW     6  5.00000000E+00   6.95700000E+08   1.75000000E+01   2.33500000E+02   1.48901195E+11   5.15592981E-02   3.77128915E-02  
       FSW     7  3.00000000E+00   6.95700000E+08   1.05000000E+01   2.72500000E+02   1.49104055E+11   2.84134949E-02   1.93782676E-01  
       FSW     8  3.00000000E+00   6.95700000E+08   1.45000000E+01   2.33500000E+02   1.48895244E+11   3.77441577E-02   3.82850483E-02  
       FSW     9  3.00000000E+00   6.95700000E+08   1.75000000E+01   2.34500000E+02   1.48903002E+11   5.16370995E-02   4.21135146E-02  
       FSW    10  2.00000000E+00   6.95700000E+08   1.65000000E+01   2.32500000E+02   1.48897387E+11   4.68986445E-02   3.34792940E-02  
       FSW    11  1.00000000E+00   6.95700000E+08   7.50000000E+00   2.74500000E+02   1.49122252E+11   1.52892683E-02   2.01503060E-01  
       FSW    12  1.00000000E+00   6.95700000E+08   1.45000000E+01   2.32500000E+02   1.48893612E+11   3.76737433E-02   3.38058516E-02  
       FSW    13  1.00000000E+00   6.95700000E+08   1.75000000E+01   2.32500000E+02   1.48899588E+11   5.14900853E-02   3.33006293E-02  
