#ObserverName coordinate is given in the HelioGraphic Carrington coordinate system HGC (R,CRLT,CRLN).
#ObserverName is the center of Helioprojective coordinate system HPC (DIST,HPLT,HPLN).
#CROTA2=0. Sun North is up.
#List of points is given using spherical (r,lat,lon) representation in the HGC and HPC coordinate systems.
#A probability density is given for each point.
#FSS stands for Fast Solar Wind.
#SSW stands for Slow Solar Wind.
#M stands for Measured Solar Wind Speed 
#Data is formatted as follow:
#nVersion
#Rsun(m)
#ObserverTime
#ObserverName R_OBS(m) CRLT_OBS(degrees) CRLN_OBS(degrees)
#npoint_tot npoint_ssw npoint_fsw npoint_m
#SSW/FSW/M     i       density(%)             R(m)    CRLT(degrees)    CRLN(degrees)          DIST(m)    HPLT(degrees)    HPLN(degrees) 
 1
6.95700000E+08
2026-10-10 12:00:00
PSP  1.06814079E+11  3.51029603E+00  1.12390428E+02 
78 39 39 0
       SSW     0  8.00000000E+00   6.95700000E+08  -5.00000000E-01   1.67500000E+02   1.48706040E+11  -3.12921953E-02  -6.71546182E-03  
       SSW     1  7.00000000E+00   6.95700000E+08   4.50000000E+00   1.68500000E+02   1.48701370E+11  -7.97931726E-03  -2.03182352E-03  
       SSW     2  6.00000000E+00   6.95700000E+08  -8.50000000E+00   1.66500000E+02   1.48724556E+11  -6.80124682E-02  -1.12648264E-02  
       SSW     3  6.00000000E+00   6.95700000E+08   4.50000000E+00   1.67500000E+02   1.48701568E+11  -7.97107360E-03  -6.69521566E-03  
       SSW     4  5.00000000E+00   6.95700000E+08  -9.50000000E+00   1.66500000E+02   1.48727754E+11  -7.25249290E-02  -1.12334884E-02  
       SSW     5  5.00000000E+00   6.95700000E+08  -7.50000000E+00   1.66500000E+02   1.48721565E+11  -6.34790083E-02  -1.12927186E-02  
       SSW     6  5.00000000E+00   6.95700000E+08  -4.50000000E+00   1.67500000E+02   1.48713424E+11  -4.97838158E-02  -6.69468435E-03  
       SSW     7  4.00000000E+00   6.95700000E+08  -8.50000000E+00   1.67500000E+02   1.48724151E+11  -6.80295459E-02  -6.64114605E-03  
       SSW     8  4.00000000E+00   6.95700000E+08   3.50000000E+00   1.66500000E+02   1.48702446E+11  -1.26289088E-02  -1.13703731E-02  
       SSW     9  4.00000000E+00   6.95700000E+08   5.50000000E+00   1.68500000E+02   1.48701114E+11  -3.30191557E-03  -2.02872677E-03  
       SSW    10  3.00000000E+00   6.95700000E+08  -1.05000000E+01   1.66500000E+02   1.48731156E+11  -7.70149989E-02  -1.11987148E-02  
       SSW    11  3.00000000E+00   6.95700000E+08  -9.50000000E+00   1.67500000E+02   1.48727350E+11  -7.25419714E-02  -6.62267081E-03  
       SSW    12  3.00000000E+00   6.95700000E+08  -7.50000000E+00   1.67500000E+02   1.48721159E+11  -6.34961160E-02  -6.65758990E-03  
       SSW    13  3.00000000E+00   6.95700000E+08  -3.50000000E+00   1.67500000E+02   1.48711263E+11  -4.51804142E-02  -6.70295706E-03  
       SSW    14  3.00000000E+00   6.95700000E+08  -5.00000000E-01   1.68500000E+02   1.48705842E+11  -3.13004950E-02  -2.03796771E-03  
       SSW    15  3.00000000E+00   6.95700000E+08   5.00000000E-01   1.66500000E+02   1.48705131E+11  -2.66243941E-02  -1.13909823E-02  
       SSW    16  2.00000000E+00   6.95700000E+08  -8.50000000E+00   1.65500000E+02   1.48725171E+11  -6.79865743E-02  -1.58850279E-02  
       SSW    17  2.00000000E+00   6.95700000E+08  -4.50000000E+00   1.66500000E+02   1.48713832E+11  -4.97666505E-02  -1.13556387E-02  
       SSW    18  2.00000000E+00   6.95700000E+08  -3.50000000E+00   1.68500000E+02   1.48711065E+11  -4.51887168E-02  -2.03417283E-03  
       SSW    19  2.00000000E+00   6.95700000E+08  -2.50000000E+00   1.66500000E+02   1.48709721E+11  -4.05458821E-02  -1.13802243E-02  
       SSW    20  2.00000000E+00   6.95700000E+08   5.00000000E-01   1.67500000E+02   1.48704722E+11  -2.66415491E-02  -6.71552110E-03  
       SSW    21  1.00000000E+00   6.95700000E+08  -1.25000000E+01   1.65500000E+02   1.48739176E+11  -8.58968038E-02  -1.56792586E-02  
       SSW    22  1.00000000E+00   6.95700000E+08  -1.25000000E+01   1.66500000E+02   1.48738570E+11  -8.59224353E-02  -1.11189051E-02  
       SSW    23  1.00000000E+00   6.95700000E+08  -1.15000000E+01   1.66500000E+02   1.48734761E+11  -8.14812933E-02  -1.11605163E-02  
       SSW    24  1.00000000E+00   6.95700000E+08  -1.05000000E+01   1.65500000E+02   1.48731766E+11  -7.69892199E-02  -1.57918014E-02  
       SSW    25  1.00000000E+00   6.95700000E+08  -1.05000000E+01   1.67500000E+02   1.48730753E+11  -7.70320007E-02  -6.60217003E-03  
       SSW    26  1.00000000E+00   6.95700000E+08  -9.50000000E+00   1.65500000E+02   1.48728366E+11  -7.24990885E-02  -1.58408371E-02  
       SSW    27  1.00000000E+00   6.95700000E+08  -5.50000000E+00   1.66500000E+02   1.48716202E+11  -5.43546917E-02  -1.13381320E-02  
       SSW    28  1.00000000E+00   6.95700000E+08  -5.50000000E+00   1.67500000E+02   1.48715794E+11  -5.43718432E-02  -6.68436330E-03  
       SSW    29  1.00000000E+00   6.95700000E+08  -5.50000000E+00   1.68500000E+02   1.48715597E+11  -5.43801350E-02  -2.02853010E-03  
       SSW    30  1.00000000E+00   6.95700000E+08  -2.50000000E+00   1.67500000E+02   1.48709311E+11  -4.05630592E-02  -6.70917876E-03  
       SSW    31  1.00000000E+00   6.95700000E+08  -1.50000000E+00   1.66500000E+02   1.48707980E+11  -3.59160013E-02  -1.13872953E-02  
       SSW    32  1.00000000E+00   6.95700000E+08  -1.50000000E+00   1.67500000E+02   1.48707571E+11  -3.59331764E-02  -6.71334747E-03  
       SSW    33  1.00000000E+00   6.95700000E+08  -1.50000000E+00   1.68500000E+02   1.48707373E+11  -3.59414796E-02  -2.03732606E-03  
       SSW    34  1.00000000E+00   6.95700000E+08  -5.00000000E-01   1.66500000E+02   1.48706450E+11  -3.12750277E-02  -1.13908817E-02  
       SSW    35  1.00000000E+00   6.95700000E+08   5.00000000E-01   1.70500000E+02   1.48704763E+11  -2.66398376E-02   7.31752859E-03  
       SSW    36  1.00000000E+00   6.95700000E+08   1.50000000E+00   1.68500000E+02   1.48703417E+11  -2.19909588E-02  -2.03738000E-03  
       SSW    37  1.00000000E+00   6.95700000E+08   3.50000000E+00   1.67500000E+02   1.48702038E+11  -1.26459942E-02  -6.70337097E-03  
       SSW    38  1.00000000E+00   6.95700000E+08   6.50000000E+00   1.68500000E+02   1.48701070E+11   1.37650607E-03  -2.02500915E-03  
       FSW     0  9.00000000E+00   6.95700000E+08  -9.50000000E+00   1.62500000E+02   1.48731453E+11  -7.23688736E-02  -2.96278499E-02  
       FSW     1  7.00000000E+00   6.95700000E+08  -1.35000000E+01   1.59500000E+02   1.48751107E+11  -8.99762240E-02  -4.27169517E-02  
       FSW     2  7.00000000E+00   6.95700000E+08  -1.25000000E+01   1.60500000E+02   1.48745294E+11  -8.56381196E-02  -3.83803124E-02  
       FSW     3  5.00000000E+00   6.95700000E+08  -1.55000000E+01   1.57500000E+02   1.48763880E+11  -9.85439569E-02  -5.11927892E-02  
       FSW     4  5.00000000E+00   6.95700000E+08  -1.45000000E+01   1.58500000E+02   1.48757305E+11  -9.42785527E-02  -4.69895207E-02  
       FSW     5  4.00000000E+00   6.95700000E+08  -1.75000000E+01   1.56500000E+02   1.48775547E+11  -1.07069317E-01  -5.50254564E-02  
       FSW     6  4.00000000E+00   6.95700000E+08  -8.50000000E+00   1.62500000E+02   1.48728266E+11  -6.78560900E-02  -2.97105003E-02  
       FSW     7  4.00000000E+00   6.95700000E+08  -5.50000000E+00   1.62500000E+02   1.48719935E+11  -5.41976387E-02  -2.99038359E-02  
       FSW     8  3.00000000E+00   6.95700000E+08  -1.85000000E+01   1.55500000E+02   1.48783031E+11  -1.11225059E-01  -5.90332645E-02  
       FSW     9  3.00000000E+00   6.95700000E+08  -1.75000000E+01   1.55500000E+02   1.48778135E+11  -1.06959534E-01  -5.93709435E-02  
       FSW    10  3.00000000E+00   6.95700000E+08  -1.35000000E+01   1.60500000E+02   1.48749276E+11  -9.00536925E-02  -3.82249505E-02  
       FSW    11  3.00000000E+00   6.95700000E+08  -7.50000000E+00   1.62500000E+02   1.48725283E+11  -6.33223562E-02  -2.97840631E-02  
       FSW    12  3.00000000E+00   6.95700000E+08  -4.50000000E+00   1.63500000E+02   1.48716321E+11  -4.96620213E-02  -2.53117062E-02  
       FSW    13  3.00000000E+00   6.95700000E+08  -2.50000000E+00   1.64500000E+02   1.48711173E+11  -4.04849334E-02  -2.07103290E-02  
       FSW    14  3.00000000E+00   6.95700000E+08   2.50000000E+00   1.63500000E+02   1.48705624E+11  -1.71955789E-02  -2.53676258E-02  
       FSW    15  3.00000000E+00   6.95700000E+08   2.50000000E+00   1.64500000E+02   1.48704581E+11  -1.72391704E-02  -2.07112428E-02  
       FSW    16  3.00000000E+00   6.95700000E+08   3.50000000E+00   1.64500000E+02   1.48703897E+11  -1.25682852E-02  -2.06924014E-02  
       FSW    17  2.00000000E+00   6.95700000E+08  -1.25000000E+01   1.61500000E+02   1.48743660E+11  -8.57072106E-02  -3.38582070E-02  
       FSW    18  2.00000000E+00   6.95700000E+08  -1.15000000E+01   1.61500000E+02   1.48739871E+11  -8.12654156E-02  -3.39849131E-02  
       FSW    19  2.00000000E+00   6.95700000E+08  -1.05000000E+01   1.62500000E+02   1.48734843E+11  -7.68593153E-02  -2.95361380E-02  
       FSW    20  2.00000000E+00   6.95700000E+08  -4.50000000E+00   1.62500000E+02   1.48717571E+11  -4.96094703E-02  -2.99500079E-02  
       FSW    21  2.00000000E+00   6.95700000E+08  -1.50000000E+00   1.64500000E+02   1.48709433E+11  -3.58550601E-02  -2.07231971E-02  
       FSW    22  2.00000000E+00   6.95700000E+08   1.50000000E+00   1.64500000E+02   1.48705477E+11  -2.19047302E-02  -2.07237458E-02  
       FSW    23  1.00000000E+00   6.95700000E+08  -1.85000000E+01   1.53500000E+02   1.48788762E+11  -1.10981795E-01  -6.76188504E-02  
       FSW    24  1.00000000E+00   6.95700000E+08  -1.85000000E+01   1.54500000E+02   1.48785800E+11  -1.11107548E-01  -6.33358277E-02  
       FSW    25  1.00000000E+00   6.95700000E+08  -1.65000000E+01   1.57500000E+02   1.48768422E+11  -1.02873220E-01  -5.09356717E-02  
       FSW    26  1.00000000E+00   6.95700000E+08  -1.55000000E+01   1.58500000E+02   1.48761664E+11  -9.86378425E-02  -4.67689123E-02  
       FSW    27  1.00000000E+00   6.95700000E+08  -1.35000000E+01   1.58500000E+02   1.48753141E+11  -8.98901708E-02  -4.71957663E-02  
       FSW    28  1.00000000E+00   6.95700000E+08  -1.25000000E+01   1.59500000E+02   1.48747133E+11  -8.55603908E-02  -4.28905687E-02  
       FSW    29  1.00000000E+00   6.95700000E+08  -9.50000000E+00   1.61500000E+02   1.48732897E+11  -7.23079494E-02  -3.42071131E-02  
       FSW    30  1.00000000E+00   6.95700000E+08  -7.50000000E+00   1.27500000E+02   1.48893255E+11  -5.62498768E-02  -1.75651385E-01  
       FSW    31  1.00000000E+00   6.95700000E+08  -6.50000000E+00   1.62500000E+02   1.48722506E+11  -5.87690709E-02  -2.98485151E-02  
       FSW    32  1.00000000E+00   6.95700000E+08  -5.50000000E+00   1.63500000E+02   1.48718687E+11  -5.42501472E-02  -2.52726845E-02  
       FSW    33  1.00000000E+00   6.95700000E+08   5.00000000E-01   1.63500000E+02   1.48707628E+11  -2.65198278E-02  -2.53904857E-02  
       FSW    34  1.00000000E+00   6.95700000E+08   5.00000000E-01   1.64500000E+02   1.48706585E+11  -2.65635239E-02  -2.07299067E-02  
       FSW    35  1.00000000E+00   6.95700000E+08   4.50000000E+00   1.64500000E+02   1.48703425E+11  -7.89351750E-03  -2.06672273E-02  
       FSW    36  1.00000000E+00   6.95700000E+08   5.50000000E+00   1.64500000E+02   1.48703165E+11  -3.21631111E-03  -2.06357284E-02  
       FSW    37  1.00000000E+00   6.95700000E+08   8.50000000E+00   1.63500000E+02   1.48704691E+11   1.08584511E-02  -2.51130430E-02  
       FSW    38  1.00000000E+00   6.95700000E+08   1.05000000E+01   1.61500000E+02   1.48708748E+11   2.03094842E-02  -3.41075131E-02  
