#ObserverName coordinate is given in the HelioGraphic Carrington coordinate system HGC (R,CRLT,CRLN).
#ObserverName is the center of Helioprojective coordinate system HPC (DIST,HPLT,HPLN).
#CROTA2=0. Sun North is up.
#List of points is given using spherical (r,lat,lon) representation in the HGC and HPC coordinate systems.
#A probability density is given for each point.
#FSS stands for Fast Solar Wind.
#SSW stands for Slow Solar Wind.
#M stands for Measured Solar Wind Speed 
#Data is formatted as follow:
#nVersion
#Rsun(m)
#ObserverTime
#ObserverName R_OBS(m) CRLT_OBS(degrees) CRLN_OBS(degrees)
#npoint_tot npoint_ssw npoint_fsw npoint_m
#SSW/FSW/M     i       density(%)             R(m)    CRLT(degrees)    CRLN(degrees)          DIST(m)    HPLT(degrees)    HPLN(degrees) 
 1
6.95700000E+08
2026-10-08 06:00:00
SOLO  1.18102646E+11  1.45759875E+01  2.44166352E+02 
52 28 24 0
       SSW     0  1.50000000E+01   6.95700000E+08   1.15000000E+01   2.86500000E+02   1.49453619E+11   5.17791615E-02   2.61177378E-01  
       SSW     1  1.00000000E+01   6.95700000E+08   1.05000000E+01   2.87500000E+02   1.49466715E+11   4.77357547E-02   2.62171288E-01  
       SSW     2  7.00000000E+00   6.95700000E+08   1.35000000E+01   2.85500000E+02   1.49439465E+11   6.03263227E-02   2.58981553E-01  
       SSW     3  6.00000000E+00   6.95700000E+08   7.50000000E+00   2.87500000E+02   1.49470582E+11   3.40245271E-02   2.64348157E-01  
       SSW     4  6.00000000E+00   6.95700000E+08   1.05000000E+01   2.86500000E+02   1.49454852E+11   4.72337737E-02   2.62062797E-01  
       SSW     5  6.00000000E+00   6.95700000E+08   1.25000000E+01   2.86500000E+02   1.49452398E+11   5.63088474E-02   2.60212366E-01  
       SSW     6  5.00000000E+00   6.95700000E+08   6.50000000E+00   2.88500000E+02   1.49483876E+11   2.99404761E-02   2.64941651E-01  
       SSW     7  5.00000000E+00   6.95700000E+08   9.50000000E+00   2.87500000E+02   1.49467996E+11   4.31779570E-02   2.62977115E-01  
       SSW     8  5.00000000E+00   6.95700000E+08   2.15000000E+01   3.37500000E+02   1.49949767E+11   1.17426827E-01   1.62650414E-01  
       SSW     9  4.00000000E+00   6.95700000E+08   5.50000000E+00   2.89500000E+02   1.49497221E+11   2.58500748E-02   2.65373608E-01  
       SSW    10  4.00000000E+00   6.95700000E+08   5.50000000E+00   2.90500000E+02   1.49509228E+11   2.63598833E-02   2.65240653E-01  
       SSW    11  3.00000000E+00   6.95700000E+08   6.50000000E+00   2.87500000E+02   1.49471886E+11   2.94316851E-02   2.64912957E-01  
       SSW    12  3.00000000E+00   6.95700000E+08   8.50000000E+00   2.87500000E+02   1.49469285E+11   3.86070834E-02   2.63702811E-01  
       SSW    13  3.00000000E+00   6.95700000E+08   2.25000000E+01   3.36500000E+02   1.49937749E+11   1.21252394E-01   1.64725091E-01  
       SSW    14  2.00000000E+00   6.95700000E+08   5.50000000E+00   2.88500000E+02   1.49485209E+11   2.53400477E-02   2.65425750E-01  
       SSW    15  2.00000000E+00   6.95700000E+08   9.50000000E+00   2.86500000E+02   1.49456096E+11   4.26740701E-02   2.62868355E-01  
       SSW    16  2.00000000E+00   6.95700000E+08   2.25000000E+01   3.37500000E+02   1.49945131E+11   1.21561151E-01   1.61512486E-01  
       SSW    17  2.00000000E+00   6.95700000E+08   2.35000000E+01   3.35500000E+02   1.49925558E+11   1.25040240E-01   1.66653964E-01  
       SSW    18  1.00000000E+00   6.95700000E+08  -2.50000000E+00   2.96500000E+02   1.49592048E+11  -7.51641004E-03   2.63695386E-01  
       SSW    19  1.00000000E+00   6.95700000E+08  -1.50000000E+00   2.96500000E+02   1.49590765E+11  -2.89470584E-03   2.63858418E-01  
       SSW    20  1.00000000E+00   6.95700000E+08  -5.00000000E-01   3.00500000E+02   1.49636958E+11   3.75230133E-03   2.60666730E-01  
       SSW    21  1.00000000E+00   6.95700000E+08   2.50000000E+00   2.94500000E+02   1.49561418E+11   1.45701398E-02   2.64862912E-01  
       SSW    22  1.00000000E+00   6.95700000E+08   3.50000000E+00   2.94500000E+02   1.49560014E+11   1.91842579E-02   2.64623240E-01  
       SSW    23  1.00000000E+00   6.95700000E+08   3.50000000E+00   2.95500000E+02   1.49571978E+11   1.96927703E-02   2.64086085E-01  
       SSW    24  1.00000000E+00   6.95700000E+08   4.50000000E+00   2.88500000E+02   1.49486544E+11   2.07319823E-02   2.65828986E-01  
       SSW    25  1.00000000E+00   6.95700000E+08   4.50000000E+00   2.90500000E+02   1.49510600E+11   2.17541084E-02   2.65643543E-01  
       SSW    26  1.00000000E+00   6.95700000E+08   5.50000000E+00   2.91500000E+02   1.49521228E+11   2.68693180E-02   2.65026944E-01  
       SSW    27  1.00000000E+00   6.95700000E+08   1.25000000E+01   2.85500000E+02   1.49440625E+11   5.58113692E-02   2.60025196E-01  
       FSW     0  2.00000000E+01   6.95700000E+08   1.25000000E+01   2.74500000E+02   1.49312587E+11   5.03984541E-02   2.52760876E-01  
       FSW     1  1.30000000E+01   6.95700000E+08   9.50000000E+00   2.75500000E+02   1.49326438E+11   3.71812348E-02   2.56405395E-01  
       FSW     2  1.30000000E+01   6.95700000E+08   1.25000000E+01   2.75500000E+02   1.49324051E+11   5.08832784E-02   2.53812481E-01  
       FSW     3  1.00000000E+01   6.95700000E+08   9.50000000E+00   2.74500000E+02   1.49314857E+11   3.66903945E-02   2.55343248E-01  
       FSW     4  6.00000000E+00   6.95700000E+08   1.35000000E+01   2.75500000E+02   1.49323358E+11   5.54215375E-02   2.52792981E-01  
       FSW     5  5.00000000E+00   6.95700000E+08   1.05000000E+01   2.73500000E+02   1.49302550E+11   4.07858390E-02   2.53423265E-01  
       FSW     6  5.00000000E+00   6.95700000E+08   1.15000000E+01   2.73500000E+02   1.49301832E+11   4.53576554E-02   2.52566166E-01  
       FSW     7  4.00000000E+00   6.95700000E+08   9.50000000E+00   2.73500000E+02   1.49303326E+11   3.62016289E-02   2.54203064E-01  
       FSW     8  4.00000000E+00   6.95700000E+08   1.05000000E+01   2.74500000E+02   1.49314046E+11   4.12727523E-02   2.54560012E-01  
       FSW     9  3.00000000E+00   6.95700000E+08   1.85000000E+01   2.35500000E+02   1.48944112E+11   6.19553396E-02   1.52315381E-01  
       FSW    10  2.00000000E+00   6.95700000E+08   8.50000000E+00   2.74500000E+02   1.49315724E+11   3.20968987E-02   2.56048602E-01  
       FSW    11  2.00000000E+00   6.95700000E+08   1.35000000E+01   2.76500000E+02   1.49334822E+11   5.59059600E-02   2.53763204E-01  
       FSW    12  2.00000000E+00   6.95700000E+08   1.45000000E+01   2.72500000E+02   1.49288764E+11   5.85088989E-02   2.48337917E-01  
       FSW    13  1.00000000E+00   6.95700000E+08   7.50000000E+00   2.73500000E+02   1.49305053E+11   2.70016389E-02   2.55529831E-01  
       FSW    14  1.00000000E+00   6.95700000E+08   7.50000000E+00   2.78500000E+02   1.49363474E+11   2.94811560E-02   2.60472584E-01  
       FSW    15  1.00000000E+00   6.95700000E+08   8.50000000E+00   2.75500000E+02   1.49327336E+11   3.25894520E-02   2.57113629E-01  
       FSW    16  1.00000000E+00   6.95700000E+08   1.05000000E+01   2.77500000E+02   1.49348816E+11   4.27452952E-02   2.57502278E-01  
       FSW    17  1.00000000E+00   6.95700000E+08   1.25000000E+01   2.73500000E+02   1.49301173E+11   4.99156800E-02   2.51632026E-01  
       FSW    18  1.00000000E+00   6.95700000E+08   1.35000000E+01   2.74500000E+02   1.49311941E+11   5.49390078E-02   2.51745522E-01  
       FSW    19  1.00000000E+00   6.95700000E+08   1.45000000E+01   2.73500000E+02   1.49300030E+11   5.89847828E-02   2.49533787E-01  
       FSW    20  1.00000000E+00   6.95700000E+08   1.55000000E+01   2.72500000E+02   1.49288334E+11   6.30197611E-02   2.47179946E-01  
       FSW    21  1.00000000E+00   6.95700000E+08   1.65000000E+01   2.33500000E+02   1.48927242E+11   5.22782055E-02   1.46760834E-01  
       FSW    22  1.00000000E+00   6.95700000E+08   1.75000000E+01   2.34500000E+02   1.48935548E+11   5.71239029E-02   1.49603823E-01  
       FSW    23  1.00000000E+00   6.95700000E+08   1.85000000E+01   2.69500000E+02   1.49254653E+11   7.50513998E-02   2.39295121E-01  
