#ObserverName coordinate is given in the HelioGraphic Carrington coordinate system HGC (R,CRLT,CRLN).
#ObserverName is the center of Helioprojective coordinate system HPC (DIST,HPLT,HPLN).
#CROTA2=0. Sun North is up.
#List of points is given using spherical (r,lat,lon) representation in the HGC and HPC coordinate systems.
#A probability density is given for each point.
#FSS stands for Fast Solar Wind.
#SSW stands for Slow Solar Wind.
#M stands for Measured Solar Wind Speed 
#Data is formatted as follow:
#nVersion
#Rsun(m)
#ObserverTime
#ObserverName R_OBS(m) CRLT_OBS(degrees) CRLN_OBS(degrees)
#npoint_tot npoint_ssw npoint_fsw npoint_m
#SSW/FSW/M     i       density(%)             R(m)    CRLT(degrees)    CRLN(degrees)          DIST(m)    HPLT(degrees)    HPLN(degrees) 
 1
6.95700000E+08
2026-10-10 00:00:00
STA  1.44618805E+11 -1.51597472E+00  2.45916673E+02 
57 26 31 0
       SSW     0  5.10000000E+01   6.95700000E+08   1.95000000E+01   3.37500000E+02   1.50013164E+11   1.14052125E-01   7.75327475E-02  
       SSW     1  8.00000000E+00   6.95700000E+08  -8.50000000E+00   2.93500000E+02   1.49751267E+11  -2.56953402E-02   2.32509889E-01  
       SSW     2  5.00000000E+00   6.95700000E+08  -7.50000000E+00   2.93500000E+02   1.49750750E+11  -2.10892708E-02   2.33081728E-01  
       SSW     3  5.00000000E+00   6.95700000E+08   1.95000000E+01   3.38500000E+02   1.50016577E+11   1.14192617E-01   7.33625913E-02  
       SSW     4  3.00000000E+00   6.95700000E+08  -5.65000000E+01   3.03500000E+02   1.49717264E+11  -2.10875828E-01   1.15847204E-01  
       SSW     5  3.00000000E+00   6.95700000E+08  -1.35000000E+01   2.92500000E+02   1.49741949E+11  -4.90192469E-02   2.30694600E-01  
       SSW     6  2.00000000E+00   6.95700000E+08  -5.75000000E+01   3.10500000E+02   1.49745691E+11  -2.12189737E-01   1.01189527E-01  
       SSW     7  2.00000000E+00   6.95700000E+08  -5.65000000E+01   3.25500000E+02   1.49812669E+11  -2.06743838E-01   7.34979324E-02  
       SSW     8  2.00000000E+00   6.95700000E+08  -1.25000000E+01   2.92500000E+02   1.49741895E+11  -4.44677066E-02   2.31626137E-01  
       SSW     9  2.00000000E+00   6.95700000E+08  -7.50000000E+00   2.94500000E+02   1.49761246E+11  -2.06478586E-02   2.30870018E-01  
       SSW    10  2.00000000E+00   6.95700000E+08   2.05000000E+01   3.38500000E+02   1.50011411E+11   1.18363869E-01   7.29005419E-02  
       SSW    11  1.00000000E+00   6.95700000E+08  -5.75000000E+01   3.09500000E+02   1.49741073E+11  -2.12389855E-01   1.02941337E-01  
       SSW    12  1.00000000E+00   6.95700000E+08  -5.75000000E+01   3.17500000E+02   1.49775704E+11  -2.10889343E-01   8.80993583E-02  
       SSW    13  1.00000000E+00   6.95700000E+08  -5.75000000E+01   3.18500000E+02   1.49779646E+11  -2.10718591E-01   8.61179491E-02  
       SSW    14  1.00000000E+00   6.95700000E+08  -5.75000000E+01   3.21500000E+02   1.49790924E+11  -2.10230018E-01   8.00197089E-02  
       SSW    15  1.00000000E+00   6.95700000E+08  -5.75000000E+01   3.22500000E+02   1.49794497E+11  -2.10075219E-01   7.79376825E-02  
       SSW    16  1.00000000E+00   6.95700000E+08  -5.65000000E+01   3.04500000E+02   1.49722469E+11  -2.10650308E-01   1.14247774E-01  
       SSW    17  1.00000000E+00   6.95700000E+08  -5.65000000E+01   3.24500000E+02   1.49809294E+11  -2.06889985E-01   7.57073344E-02  
       SSW    18  1.00000000E+00   6.95700000E+08  -5.65000000E+01   3.28500000E+02   1.49822189E+11  -2.06331687E-01   6.67389985E-02  
       SSW    19  1.00000000E+00   6.95700000E+08  -5.55000000E+01   2.95500000E+02   1.49677434E+11  -2.09987082E-01   1.30673980E-01  
       SSW    20  1.00000000E+00   6.95700000E+08  -5.55000000E+01   3.30500000E+02   1.49836327E+11  -2.03107856E-01   6.37561909E-02  
       SSW    21  1.00000000E+00   6.95700000E+08  -5.45000000E+01   3.35500000E+02   1.49857892E+11  -1.99496157E-01   5.29095527E-02  
       SSW    22  1.00000000E+00   6.95700000E+08  -5.45000000E+01   3.36500000E+02   1.49860228E+11  -1.99395113E-01   5.03680578E-02  
       SSW    23  1.00000000E+00   6.95700000E+08  -9.50000000E+00   2.93500000E+02   1.49751684E+11  -3.02935714E-02   2.31867386E-01  
       SSW    24  1.00000000E+00   6.95700000E+08  -6.50000000E+00   2.93500000E+02   1.49750132E+11  -1.64767567E-02   2.33582731E-01  
       SSW    25  1.00000000E+00   6.95700000E+08   2.05000000E+01   3.37500000E+02   1.50008019E+11   1.18224356E-01   7.70444228E-02  
       FSW     0  1.30000000E+01   6.95700000E+08   7.50000000E+00   2.79500000E+02   1.49575247E+11   4.15083172E-02   2.56400630E-01  
       FSW     1  1.00000000E+01   6.95700000E+08   7.50000000E+00   2.78500000E+02   1.49563621E+11   4.10242158E-02   2.57494661E-01  
       FSW     2  8.00000000E+00   6.95700000E+08   1.50000000E+00   2.84500000E+02   1.49642259E+11   1.63365047E-02   2.51823240E-01  
       FSW     3  7.00000000E+00   6.95700000E+08   6.50000000E+00   2.79500000E+02   1.49576910E+11   3.69336644E-02   2.56947832E-01  
       FSW     4  7.00000000E+00   6.95700000E+08   8.50000000E+00   2.75500000E+02   1.49526875E+11   4.41286509E-02   2.59671376E-01  
       FSW     5  5.00000000E+00   6.95700000E+08   2.50000000E+00   2.84500000E+02   1.49640806E+11   2.09496639E-02   2.51672251E-01  
       FSW     6  5.00000000E+00   6.95700000E+08   7.50000000E+00   2.75500000E+02   1.49528471E+11   3.95603501E-02   2.60306333E-01  
       FSW     7  4.00000000E+00   6.95700000E+08   3.50000000E+00   2.83500000E+02   1.49627874E+11   2.50801887E-02   2.52934009E-01  
       FSW     8  4.00000000E+00   6.95700000E+08   7.50000000E+00   2.76500000E+02   1.49540230E+11   4.00500848E-02   2.59447827E-01  
       FSW     9  4.00000000E+00   6.95700000E+08   8.50000000E+00   2.79500000E+02   1.49573537E+11   4.60704426E-02   2.55775395E-01  
       FSW    10  3.00000000E+00   6.95700000E+08   6.50000000E+00   2.76500000E+02   1.49541818E+11   3.54712455E-02   2.60001662E-01  
       FSW    11  3.00000000E+00   6.95700000E+08   8.50000000E+00   2.78500000E+02   1.49561940E+11   4.55878756E-02   2.56866709E-01  
       FSW    12  2.00000000E+00   6.95700000E+08  -7.50000000E+00   2.90500000E+02   1.49718683E+11  -2.24380073E-02   2.39290994E-01  
       FSW    13  2.00000000E+00   6.95700000E+08  -4.50000000E+00   2.87500000E+02   1.49683302E+11  -9.97842925E-03   2.46203821E-01  
       FSW    14  2.00000000E+00   6.95700000E+08  -3.50000000E+00   2.86500000E+02   1.49671110E+11  -5.82585877E-03   2.48222564E-01  
       FSW    15  2.00000000E+00   6.95700000E+08   2.50000000E+00   2.83500000E+02   1.49629385E+11   2.04725270E-02   2.53162915E-01  
       FSW    16  2.00000000E+00   6.95700000E+08   3.50000000E+00   2.80500000E+02   1.49593262E+11   2.36350434E-02   2.56939862E-01  
       FSW    17  2.00000000E+00   6.95700000E+08   3.50000000E+00   2.81500000E+02   1.49604859E+11   2.41192938E-02   2.55682019E-01  
       FSW    18  2.00000000E+00   6.95700000E+08   3.50000000E+00   2.84500000E+02   1.49639285E+11   2.55565428E-02   2.51444711E-01  
       FSW    19  2.00000000E+00   6.95700000E+08   7.50000000E+00   2.77500000E+02   1.49551948E+11   4.05380893E-02   2.58510502E-01  
       FSW    20  1.00000000E+00   6.95700000E+08  -7.50000000E+00   2.91500000E+02   1.49729465E+11  -2.19844797E-02   2.37292869E-01  
       FSW    21  1.00000000E+00   6.95700000E+08  -6.50000000E+00   2.89500000E+02   1.49707102E+11  -1.82853453E-02   2.41735291E-01  
       FSW    22  1.00000000E+00   6.95700000E+08  -5.50000000E+00   2.90500000E+02   1.49717218E+11  -1.32113339E-02   2.40247017E-01  
       FSW    23  1.00000000E+00   6.95700000E+08  -5.00000000E-01   2.84500000E+02   1.49644962E+11   7.09694318E-03   2.51895414E-01  
       FSW    24  1.00000000E+00   6.95700000E+08  -5.00000000E-01   2.85500000E+02   1.49656324E+11   7.57262642E-03   2.50327031E-01  
       FSW    25  1.00000000E+00   6.95700000E+08   5.00000000E-01   2.84500000E+02   1.49643645E+11   1.17184643E-02   2.51897635E-01  
       FSW    26  1.00000000E+00   6.95700000E+08   3.50000000E+00   2.82500000E+02   1.49616398E+11   2.46010575E-02   2.54346594E-01  
       FSW    27  1.00000000E+00   6.95700000E+08   4.50000000E+00   2.80500000E+02   1.49591730E+11   2.82379821E-02   2.56629097E-01  
       FSW    28  1.00000000E+00   6.95700000E+08   5.50000000E+00   2.79500000E+02   1.49578525E+11   3.23478737E-02   2.57416837E-01  
       FSW    29  1.00000000E+00   6.95700000E+08   9.50000000E+00   2.75500000E+02   1.49525246E+11   4.86836180E-02   2.58957363E-01  
       FSW    30  1.00000000E+00   6.95700000E+08   9.50000000E+00   2.76500000E+02   1.49536944E+11   4.91701012E-02   2.58103412E-01  
