#ObserverName coordinate is given in the HelioGraphic Carrington coordinate system HGC (R,CRLT,CRLN).
#ObserverName is the center of Helioprojective coordinate system HPC (DIST,HPLT,HPLN).
#CROTA2=0. Sun North is up.
#List of points is given using spherical (r,lat,lon) representation in the HGC and HPC coordinate systems.
#A probability density is given for each point.
#FSS stands for Fast Solar Wind.
#SSW stands for Slow Solar Wind.
#M stands for Measured Solar Wind Speed 
#Data is formatted as follow:
#nVersion
#Rsun(m)
#ObserverTime
#ObserverName R_OBS(m) CRLT_OBS(degrees) CRLN_OBS(degrees)
#npoint_tot npoint_ssw npoint_fsw npoint_m
#SSW/FSW/M     i       density(%)             R(m)    CRLT(degrees)    CRLN(degrees)          DIST(m)    HPLT(degrees)    HPLN(degrees) 
 1
6.95700000E+08
2026-10-09 06:00:00
BEPI  6.71467716E+10 -1.98793928E+00  1.01193596E+02 
57 33 24 0
       SSW     0  9.00000000E+00   6.95700000E+08  -9.50000000E+00   1.65500000E+02   1.48821651E+11  -7.11312976E-02  -9.00307607E-02  
       SSW     1  8.00000000E+00   6.95700000E+08   3.50000000E+00   1.66500000E+02   1.48792595E+11  -1.14360853E-02  -8.67289282E-02  
       SSW     2  7.00000000E+00   6.95700000E+08  -1.15000000E+01   1.64500000E+02   1.48832574E+11  -7.99122148E-02  -9.37360602E-02  
       SSW     3  7.00000000E+00   6.95700000E+08  -7.50000000E+00   1.65500000E+02   1.48815642E+11  -6.20853319E-02  -9.05053496E-02  
       SSW     4  6.00000000E+00   6.95700000E+08  -1.25000000E+01   1.63500000E+02   1.48840555E+11  -8.41705010E-02  -9.76318706E-02  
       SSW     5  5.00000000E+00   6.95700000E+08  -1.05000000E+01   1.64500000E+02   1.48829103E+11  -7.54443189E-02  -9.40567988E-02  
       SSW     6  5.00000000E+00   6.95700000E+08  -8.50000000E+00   1.65500000E+02   1.48818550E+11  -6.66185954E-02  -9.02818591E-02  
       SSW     7  5.00000000E+00   6.95700000E+08  -1.50000000E+00   1.66500000E+02   1.48798268E+11  -3.47037416E-02  -8.68579250E-02  
       SSW     8  5.00000000E+00   6.95700000E+08  -5.00000000E-01   1.66500000E+02   1.48796733E+11  -3.00659160E-02  -8.68852832E-02  
       SSW     9  5.00000000E+00   6.95700000E+08   4.50000000E+00   1.66500000E+02   1.48792063E+11  -6.76618263E-03  -8.66234501E-02  
       SSW    10  4.00000000E+00   6.95700000E+08  -2.50000000E+00   1.66500000E+02   1.48800002E+11  -3.93308480E-02  -8.68039940E-02  
       SSW    11  3.00000000E+00   6.95700000E+08  -1.05000000E+01   1.65500000E+02   1.48824944E+11  -7.56220477E-02  -8.97521336E-02  
       SSW    12  3.00000000E+00   6.95700000E+08  -6.50000000E+00   1.65500000E+02   1.48812928E+11  -5.75329043E-02  -9.07011618E-02  
       SSW    13  3.00000000E+00   6.95700000E+08   5.50000000E+00   1.66500000E+02   1.48791732E+11  -2.09418267E-03  -8.64914682E-02  
       SSW    14  2.00000000E+00   6.95700000E+08  -3.50000000E+00   1.65500000E+02   1.48805960E+11  -4.37747011E-02  -9.11219517E-02  
       SSW    15  2.00000000E+00   6.95700000E+08   1.50000000E+00   1.66500000E+02   1.48794263E+11  -2.07638347E-02  -8.68602528E-02  
       SSW    16  2.00000000E+00   6.95700000E+08   2.50000000E+00   1.65500000E+02   1.48797356E+11  -1.59319302E-02  -9.12105906E-02  
       SSW    17  2.00000000E+00   6.95700000E+08   2.50000000E+00   1.66500000E+02   1.48793328E+11  -1.61024494E-02  -8.68078705E-02  
       SSW    18  2.00000000E+00   6.95700000E+08   8.50000000E+00   1.66500000E+02   1.48791949E+11   1.19199793E-02  -8.59369476E-02  
       SSW    19  2.00000000E+00   6.95700000E+08   9.50000000E+00   1.64500000E+02   1.48800573E+11   1.69291369E-02  -9.43647229E-02  
       SSW    20  1.00000000E+00   6.95700000E+08  -1.65000000E+01   1.60500000E+02   1.48870834E+11  -1.01077998E-01  -1.08197592E-01  
       SSW    21  1.00000000E+00   6.95700000E+08  -1.45000000E+01   1.62500000E+02   1.48852874E+11  -9.27870634E-02  -1.00991650E-01  
       SSW    22  1.00000000E+00   6.95700000E+08  -1.35000000E+01   1.62500000E+02   1.48848879E+11  -8.83958455E-02  -1.01434805E-01  
       SSW    23  1.00000000E+00   6.95700000E+08  -1.35000000E+01   1.63500000E+02   1.48844384E+11  -8.85883364E-02  -9.72367620E-02  
       SSW    24  1.00000000E+00   6.95700000E+08  -8.50000000E+00   1.66500000E+02   1.48814563E+11  -6.67887362E-02  -8.59239449E-02  
       SSW    25  1.00000000E+00   6.95700000E+08  -7.50000000E+00   8.35000000E+01   1.49603146E+11  -2.85921401E-02  -2.58462245E-01  
       SSW    26  1.00000000E+00   6.95700000E+08  -5.50000000E+00   1.65500000E+02   1.48810410E+11  -5.29627163E-02  -9.08692336E-02  
       SSW    27  1.00000000E+00   6.95700000E+08  -4.50000000E+00   1.65500000E+02   1.48808086E+11  -4.83761771E-02  -9.10095117E-02  
       SSW    28  1.00000000E+00   6.95700000E+08  -3.50000000E+00   1.66500000E+02   1.48801936E+11  -4.39458076E-02  -8.67235079E-02  
       SSW    29  1.00000000E+00   6.95700000E+08   5.00000000E-01   1.66500000E+02   1.48795397E+11  -2.54188024E-02  -8.68860595E-02  
       SSW    30  1.00000000E+00   6.95700000E+08   1.50000000E+00   1.65500000E+02   1.48798293E+11  -2.05930863E-02  -9.12656281E-02  
       SSW    31  1.00000000E+00   6.95700000E+08   8.50000000E+00   1.65500000E+02   1.48795936E+11   1.20880369E-02  -9.02955209E-02  
       SSW    32  1.00000000E+00   6.95700000E+08   1.15000000E+01   1.62500000E+02   1.48810944E+11   2.66145727E-02  -1.02248847E-01  
       FSW     0  1.40000000E+01   6.95700000E+08  -6.50000000E+00   8.35000000E+01   1.49602132E+11  -2.39916439E-02  -2.59018487E-01  
       FSW     1  1.20000000E+01   6.95700000E+08  -7.50000000E+00   8.35000000E+01   1.49603146E+11  -2.85921401E-02  -2.58462245E-01  
       FSW     2  1.00000000E+01   6.95700000E+08  -8.50000000E+00   8.25000000E+01   1.49615759E+11  -3.26896013E-02  -2.56817719E-01  
       FSW     3  9.00000000E+00   6.95700000E+08  -4.50000000E+00   8.45000000E+01   1.49588184E+11  -1.52686620E-02  -2.60833351E-01  
       FSW     4  8.00000000E+00   6.95700000E+08  -5.50000000E+00   8.45000000E+01   1.49589308E+11  -1.98820860E-02  -2.60433408E-01  
       FSW     5  6.00000000E+00   6.95700000E+08  -6.50000000E+00   8.45000000E+01   1.49590390E+11  -2.44893914E-02  -2.59954216E-01  
       FSW     6  5.00000000E+00   6.95700000E+08  -9.50000000E+00   8.15000000E+01   1.49628214E+11  -3.67809789E-02  -2.55022672E-01  
       FSW     7  5.00000000E+00   6.95700000E+08  -7.50000000E+00   8.25000000E+01   1.49614820E+11  -2.80970078E-02  -2.57450067E-01  
       FSW     8  4.00000000E+00   6.95700000E+08  -3.50000000E+00   8.35000000E+01   1.49598815E+11  -1.01515676E-02  -2.60213779E-01  
       FSW     9  4.00000000E+00   6.95700000E+08  -2.50000000E+00   8.35000000E+01   1.49597619E+11  -5.53001599E-03  -2.60453989E-01  
       FSW    10  3.00000000E+00   6.95700000E+08  -4.50000000E+00   8.35000000E+01   1.49599966E+11  -1.47699575E-02  -2.59894389E-01  
       FSW    11  3.00000000E+00   6.95700000E+08  -5.00000000E-01   8.35000000E+01   1.49595094E+11   3.71695731E-03  -2.60696593E-01  
       FSW    12  2.00000000E+00   6.95700000E+08  -1.25000000E+01   8.15000000E+01   1.49630463E+11  -5.04587803E-02  -2.52435910E-01  
       FSW    13  2.00000000E+00   6.95700000E+08  -1.05000000E+01   8.15000000E+01   1.49629018E+11  -4.13533362E-02  -2.54237672E-01  
       FSW    14  2.00000000E+00   6.95700000E+08  -8.50000000E+00   8.15000000E+01   1.49627356E+11  -3.21973805E-02  -2.55730091E-01  
       FSW    15  2.00000000E+00   6.95700000E+08  -5.50000000E+00   8.35000000E+01   1.49601072E+11  -1.93837833E-02  -2.59495917E-01  
       FSW    16  2.00000000E+00   6.95700000E+08   1.50000000E+00   8.35000000E+01   1.49592395E+11   1.29597293E-02  -2.60621891E-01  
       FSW    17  1.00000000E+00   6.95700000E+08  -1.85000000E+01   8.15000000E+01   1.49633486E+11  -7.73619103E-02  -2.45198369E-01  
       FSW    18  1.00000000E+00   6.95700000E+08  -1.15000000E+01   8.15000000E+01   1.49629767E+11  -4.59130645E-02  -2.53375330E-01  
       FSW    19  1.00000000E+00   6.95700000E+08  -3.50000000E+00   8.45000000E+01   1.49587018E+11  -1.06505208E-02  -2.61153920E-01  
       FSW    20  1.00000000E+00   6.95700000E+08  -1.50000000E+00   8.35000000E+01   1.49596379E+11  -9.06706316E-04  -2.60614944E-01  
       FSW    21  1.00000000E+00   6.95700000E+08  -1.50000000E+00   1.66500000E+02   1.48798268E+11  -3.47037416E-02  -8.68579250E-02  
       FSW    22  1.00000000E+00   6.95700000E+08  -5.00000000E-01   1.66500000E+02   1.48796733E+11  -3.00659160E-02  -8.68852832E-02  
       FSW    23  1.00000000E+00   6.95700000E+08   1.35000000E+01   1.61500000E+02   1.48817855E+11   3.60879625E-02  -1.05626798E-01  
