#ObserverName coordinate is given in the HelioGraphic Carrington coordinate system HGC (R,CRLT,CRLN).
#ObserverName is the center of Helioprojective coordinate system HPC (DIST,HPLT,HPLN).
#CROTA2=0. Sun North is up.
#List of points is given using spherical (r,lat,lon) representation in the HGC and HPC coordinate systems.
#A probability density is given for each point.
#FSS stands for Fast Solar Wind.
#SSW stands for Slow Solar Wind.
#M stands for Measured Solar Wind Speed 
#Data is formatted as follow:
#nVersion
#Rsun(m)
#ObserverTime
#ObserverName R_OBS(m) CRLT_OBS(degrees) CRLN_OBS(degrees)
#npoint_tot npoint_ssw npoint_fsw npoint_m
#SSW/FSW/M     i       density(%)             R(m)    CRLT(degrees)    CRLN(degrees)          DIST(m)    HPLT(degrees)    HPLN(degrees) 
 1
6.95700000E+08
2026-10-06 18:00:00
BEPI  6.82809612E+10 -2.32068391E+00  1.29273069E+02 
69 35 34 0
       SSW     0  1.30000000E+01   6.95700000E+08  -1.15000000E+01   1.61500000E+02   1.49202567E+11  -6.89478887E-02  -2.19332755E-01  
       SSW     1  9.00000000E+00   6.95700000E+08  -1.25000000E+01   1.61500000E+02   1.49205274E+11  -7.34193322E-02  -2.18516610E-01  
       SSW     2  8.00000000E+00   6.95700000E+08  -1.05000000E+01   1.61500000E+02   1.49199968E+11  -6.44552339E-02  -2.20081959E-01  
       SSW     3  6.00000000E+00   6.95700000E+08  -1.15000000E+01   1.60500000E+02   1.49212552E+11  -6.85118151E-02  -2.21779059E-01  
       SSW     4  6.00000000E+00   6.95700000E+08  -1.15000000E+01   1.62500000E+02   1.49192694E+11  -6.93790880E-02  -2.16819146E-01  
       SSW     5  6.00000000E+00   6.95700000E+08  -1.05000000E+01   1.62500000E+02   1.49190061E+11  -6.48876081E-02  -2.17559813E-01  
       SSW     6  5.00000000E+00   6.95700000E+08  -8.50000000E+00   1.62500000E+02   1.49185132E+11  -5.58461240E-02  -2.18841710E-01  
       SSW     7  4.00000000E+00   6.95700000E+08  -5.00000000E-01   1.62500000E+02   1.49170007E+11  -1.91045069E-02  -2.21286123E-01  
       SSW     8  3.00000000E+00   6.95700000E+08  -1.25000000E+01   1.62500000E+02   1.49195438E+11  -7.38492217E-02  -2.16012301E-01  
       SSW     9  3.00000000E+00   6.95700000E+08  -1.05000000E+01   1.60500000E+02   1.49209987E+11  -6.40179725E-02  -2.22536568E-01  
       SSW    10  3.00000000E+00   6.95700000E+08  -9.50000000E+00   1.62500000E+02   1.49187541E+11  -6.03761589E-02  -2.18234071E-01  
       SSW    11  3.00000000E+00   6.95700000E+08  -4.50000000E+00   1.62500000E+02   1.49176642E+11  -3.75679918E-02  -2.20602593E-01  
       SSW    12  3.00000000E+00   6.95700000E+08  -3.50000000E+00   1.62500000E+02   1.49174808E+11  -3.29659700E-02  -2.20874705E-01  
       SSW    13  3.00000000E+00   6.95700000E+08  -1.50000000E+00   1.62500000E+02   1.49171490E+11  -2.37328107E-02  -2.21216525E-01  
       SSW    14  3.00000000E+00   6.95700000E+08   5.00000000E-01   1.62500000E+02   1.49168643E+11  -1.44702803E-02  -2.21288142E-01  
       SSW    15  2.00000000E+00   6.95700000E+08  -1.35000000E+01   1.60500000E+02   1.49217996E+11  -7.74349061E-02  -2.20061247E-01  
       SSW    16  2.00000000E+00   6.95700000E+08  -1.35000000E+01   1.61500000E+02   1.49208088E+11  -7.78681942E-02  -2.17633778E-01  
       SSW    17  1.00000000E+00   6.95700000E+08  -1.65000000E+01   1.61500000E+02   1.49217167E+11  -9.10656943E-02  -2.14588006E-01  
       SSW    18  1.00000000E+00   6.95700000E+08  -1.55000000E+01   1.58500000E+02   1.49243809E+11  -8.53889674E-02  -2.22684830E-01  
       SSW    19  1.00000000E+00   6.95700000E+08  -1.45000000E+01   1.59500000E+02   1.49230846E+11  -8.14250370E-02  -2.21451206E-01  
       SSW    20  1.00000000E+00   6.95700000E+08  -1.45000000E+01   1.61500000E+02   1.49211009E+11  -8.22931110E-02  -2.16684533E-01  
       SSW    21  1.00000000E+00   6.95700000E+08  -1.35000000E+01   1.59500000E+02   1.49228012E+11  -7.69969084E-02  -2.22421203E-01  
       SSW    22  1.00000000E+00   6.95700000E+08  -1.35000000E+01   1.62500000E+02   1.49198292E+11  -7.82966387E-02  -2.15139529E-01  
       SSW    23  1.00000000E+00   6.95700000E+08  -1.25000000E+01   1.60500000E+02   1.49215222E+11  -7.29845832E-02  -2.20953866E-01  
       SSW    24  1.00000000E+00   6.95700000E+08  -9.50000000E+00   1.61500000E+02   1.49197478E+11  -5.99427453E-02  -2.20763988E-01  
       SSW    25  1.00000000E+00   6.95700000E+08  -7.50000000E+00   1.61500000E+02   1.49192827E+11  -5.08638059E-02  -2.21925694E-01  
       SSW    26  1.00000000E+00   6.95700000E+08  -6.50000000E+00   1.62500000E+02   1.49180657E+11  -4.67358595E-02  -2.19856393E-01  
       SSW    27  1.00000000E+00   6.95700000E+08  -2.50000000E+00   1.61500000E+02   1.49183157E+11  -2.79168676E-02  -2.23642079E-01  
       SSW    28  1.00000000E+00   6.95700000E+08  -2.50000000E+00   1.62500000E+02   1.49173090E+11  -2.83537712E-02  -2.21079371E-01  
       SSW    29  1.00000000E+00   6.95700000E+08   5.00000000E-01   1.63500000E+02   1.49158684E+11  -1.49015920E-02  -2.18655098E-01  
       SSW    30  1.00000000E+00   6.95700000E+08   1.50000000E+00   1.62500000E+02   1.49167397E+11  -9.83155341E-03  -2.21222579E-01  
       SSW    31  1.00000000E+00   6.95700000E+08   1.50000000E+00   1.63500000E+02   1.49157441E+11  -1.02624277E-02  -2.18590311E-01  
       SSW    32  1.00000000E+00   6.95700000E+08   2.50000000E+00   1.63500000E+02   1.49156320E+11  -5.62005545E-03  -2.18458760E-01  
       SSW    33  1.00000000E+00   6.95700000E+08   3.50000000E+00   1.64500000E+02   1.49145502E+11  -1.40032626E-03  -2.15565153E-01  
       SSW    34  1.00000000E+00   6.95700000E+08   4.50000000E+00   1.62500000E+02   1.49164374E+11   4.09738519E-03  -2.20620689E-01  
       FSW     0  1.50000000E+01   6.95700000E+08  -1.25000000E+01   1.58500000E+02   1.49235440E+11  -7.21010450E-02  -2.25624301E-01  
       FSW     1  1.40000000E+01   6.95700000E+08  -1.15000000E+01   1.59500000E+02   1.49222646E+11  -6.80710020E-02  -2.24157320E-01  
       FSW     2  1.00000000E+01   6.95700000E+08  -1.45000000E+01   1.56500000E+02   1.49261379E+11  -8.00890871E-02  -2.28090132E-01  
       FSW     3  5.00000000E+00   6.95700000E+08  -1.65000000E+01   1.54500000E+02   1.49287686E+11  -8.79760695E-02  -2.29922338E-01  
       FSW     4  5.00000000E+00   6.95700000E+08  -1.15000000E+01   1.58500000E+02   1.49232846E+11  -6.76255857E-02  -2.26466822E-01  
       FSW     5  4.00000000E+00   6.95700000E+08  -1.55000000E+01   1.56500000E+02   1.49264169E+11  -8.44975503E-02  -2.27021684E-01  
       FSW     6  4.00000000E+00   6.95700000E+08  -1.35000000E+01   1.57500000E+02   1.49248356E+11  -7.61073268E-02  -2.26935760E-01  
       FSW     7  4.00000000E+00   6.95700000E+08  -1.25000000E+01   1.59500000E+02   1.49225278E+11  -7.25451088E-02  -2.23323334E-01  
       FSW     8  3.00000000E+00   6.95700000E+08  -1.25000000E+01   1.57500000E+02   1.49245705E+11  -7.16525288E-02  -2.27856076E-01  
       FSW     9  3.00000000E+00   6.95700000E+08  -1.50000000E+00   1.61500000E+02   1.49181563E+11  -2.32959481E-02  -2.23780813E-01  
       FSW    10  3.00000000E+00   6.95700000E+08   1.50000000E+00   1.61500000E+02   1.49177470E+11  -9.39561746E-03  -2.23786937E-01  
       FSW    11  2.00000000E+00   6.95700000E+08  -1.55000000E+01   1.55500000E+02   1.49274494E+11  -8.40455791E-02  -2.29086050E-01  
       FSW    12  2.00000000E+00   6.95700000E+08  -1.35000000E+01   1.58500000E+02   1.49238133E+11  -7.65543365E-02  -2.24712937E-01  
       FSW    13  2.00000000E+00   6.95700000E+08  -1.05000000E+01   1.60500000E+02   1.49209987E+11  -6.40179725E-02  -2.22536568E-01  
       FSW    14  2.00000000E+00   6.95700000E+08  -9.50000000E+00   1.59500000E+02   1.49217687E+11  -5.90613568E-02  -2.25619837E-01  
       FSW    15  2.00000000E+00   6.95700000E+08  -8.50000000E+00   1.59500000E+02   1.49215363E+11  -5.45285793E-02  -2.26247913E-01  
       FSW    16  2.00000000E+00   6.95700000E+08   5.00000000E-01   1.61500000E+02   1.49178719E+11  -1.40339019E-02  -2.23853256E-01  
       FSW    17  2.00000000E+00   6.95700000E+08   2.50000000E+00   1.61500000E+02   1.49176337E+11  -4.75438971E-03  -2.23652277E-01  
       FSW    18  1.00000000E+00   6.95700000E+08  -1.65000000E+01   1.55500000E+02   1.49277322E+11  -8.84300498E-02  -2.27938089E-01  
       FSW    19  1.00000000E+00   6.95700000E+08  -1.55000000E+01   1.54500000E+02   1.49284910E+11  -8.35896184E-02  -2.31080212E-01  
       FSW    20  1.00000000E+00   6.95700000E+08  -1.55000000E+01   1.57500000E+02   1.49253940E+11  -8.49453924E-02  -2.24887730E-01  
       FSW    21  1.00000000E+00   6.95700000E+08  -1.45000000E+01   1.55500000E+02   1.49271752E+11  -7.96352953E-02  -2.30164139E-01  
       FSW    22  1.00000000E+00   6.95700000E+08  -1.45000000E+01   1.57500000E+02   1.49251102E+11  -8.05387337E-02  -2.25946209E-01  
       FSW    23  1.00000000E+00   6.95700000E+08  -1.35000000E+01   1.56500000E+02   1.49258679E+11  -7.56560176E-02  -2.29089003E-01  
       FSW    24  1.00000000E+00   6.95700000E+08  -1.25000000E+01   1.56500000E+02   1.49256069E+11  -7.11996986E-02  -2.30017987E-01  
       FSW    25  1.00000000E+00   6.95700000E+08  -1.15000000E+01   1.60500000E+02   1.49212552E+11  -6.85118151E-02  -2.21779059E-01  
       FSW    26  1.00000000E+00   6.95700000E+08  -9.50000000E+00   1.60500000E+02   1.49207528E+11  -5.95044327E-02  -2.23226158E-01  
       FSW    27  1.00000000E+00   6.95700000E+08  -7.50000000E+00   1.59500000E+02   1.49213143E+11  -4.99790159E-02  -2.26806933E-01  
       FSW    28  1.00000000E+00   6.95700000E+08  -5.50000000E+00   1.60500000E+02   1.49198765E+11  -4.12810572E-02  -2.25301340E-01  
       FSW    29  1.00000000E+00   6.95700000E+08  -3.50000000E+00   1.60500000E+02   1.49195036E+11  -3.20874132E-02  -2.25926829E-01  
       FSW    30  1.00000000E+00   6.95700000E+08  -2.50000000E+00   1.61500000E+02   1.49183157E+11  -2.79168676E-02  -2.23642079E-01  
       FSW    31  1.00000000E+00   6.95700000E+08  -5.00000000E-01   1.60500000E+02   1.49190274E+11  -1.82261967E-02  -2.26347601E-01  
       FSW    32  1.00000000E+00   6.95700000E+08   4.50000000E+00   1.62500000E+02   1.49164374E+11   4.09738519E-03  -2.20620689E-01  
       FSW    33  1.00000000E+00   6.95700000E+08   5.50000000E+00   1.62500000E+02   1.49163606E+11   8.73986597E-03  -2.20285192E-01  
