#ObserverName coordinate is given in the HelioGraphic Carrington coordinate system HGC (R,CRLT,CRLN).
#ObserverName is the center of Helioprojective coordinate system HPC (DIST,HPLT,HPLN).
#CROTA2=0. Sun North is up.
#List of points is given using spherical (r,lat,lon) representation in the HGC and HPC coordinate systems.
#A probability density is given for each point.
#FSS stands for Fast Solar Wind.
#SSW stands for Slow Solar Wind.
#M stands for Measured Solar Wind Speed 
#Data is formatted as follow:
#nVersion
#Rsun(m)
#ObserverTime
#ObserverName R_OBS(m) CRLT_OBS(degrees) CRLN_OBS(degrees)
#npoint_tot npoint_ssw npoint_fsw npoint_m
#SSW/FSW/M     i       density(%)             R(m)    CRLT(degrees)    CRLN(degrees)          DIST(m)    HPLT(degrees)    HPLN(degrees) 
 1
6.95700000E+08
2026-10-08 18:00:00
EARTH  1.49471208E+11  6.31645340E+00  1.92022412E+02 
55 33 22 0
       SSW     0  1.90000000E+01   6.95700000E+08   8.50000000E+00   2.75500000E+02   1.49383805E+11   3.59030592E-02   2.62195884E-01  
       SSW     1  1.40000000E+01   6.95700000E+08   9.50000000E+00   2.75500000E+02   1.49382699E+11   4.04842773E-02   2.61474014E-01  
       SSW     2  7.00000000E+00   6.95700000E+08   7.50000000E+00   2.75500000E+02   1.49384938E+11   3.13109671E-02   2.62837830E-01  
       SSW     3  7.00000000E+00   6.95700000E+08   9.50000000E+00   2.74500000E+02   1.49370878E+11   3.99858855E-02   2.60933097E-01  
       SSW     4  6.00000000E+00   6.95700000E+08   1.05000000E+01   2.76500000E+02   1.49393428E+11   4.55506400E-02   2.61132239E-01  
       SSW     5  4.00000000E+00   6.95700000E+08   7.50000000E+00   2.78500000E+02   1.49420708E+11   3.28210509E-02   2.63987154E-01  
       SSW     6  4.00000000E+00   6.95700000E+08   1.25000000E+01   2.75500000E+02   1.49379548E+11   5.41487244E-02   2.58831167E-01  
       SSW     7  3.00000000E+00   6.95700000E+08   6.50000000E+00   2.78500000E+02   1.49421944E+11   2.82238174E-02   2.64551302E-01  
       SSW     8  3.00000000E+00   6.95700000E+08   7.50000000E+00   2.79500000E+02   1.49432660E+11   3.33255398E-02   2.64209414E-01  
       SSW     9  3.00000000E+00   6.95700000E+08   8.50000000E+00   2.74500000E+02   1.49371951E+11   3.54029278E-02   2.61653531E-01  
       SSW    10  3.00000000E+00   6.95700000E+08   9.50000000E+00   2.76500000E+02   1.49394543E+11   4.09835858E-02   2.61935164E-01  
       SSW    11  2.00000000E+00   6.95700000E+08   2.50000000E+00   2.83500000E+02   1.49487301E+11   1.23162218E-02   2.66307825E-01  
       SSW    12  2.00000000E+00   6.95700000E+08   3.50000000E+00   2.81500000E+02   1.49461861E+11   1.59154507E-02   2.66187080E-01  
       SSW    13  2.00000000E+00   6.95700000E+08   3.50000000E+00   2.84500000E+02   1.49497988E+11   1.74442968E-02   2.65885038E-01  
       SSW    14  2.00000000E+00   6.95700000E+08   6.50000000E+00   2.79500000E+02   1.49433921E+11   2.87297528E-02   2.64773993E-01  
       SSW    15  2.00000000E+00   6.95700000E+08   1.05000000E+01   2.77500000E+02   1.49405255E+11   4.60488184E-02   2.61512395E-01  
       SSW    16  1.00000000E+00   6.95700000E+08   5.00000000E-01   2.84500000E+02   1.49502046E+11   3.58058009E-03   2.66364511E-01  
       SSW    17  1.00000000E+00   6.95700000E+08   1.50000000E+00   2.84500000E+02   1.49500702E+11   8.20470332E-03   2.66285770E-01  
       SSW    18  1.00000000E+00   6.95700000E+08   2.50000000E+00   2.85500000E+02   1.49511387E+11   1.33361335E-02   2.65863024E-01  
       SSW    19  1.00000000E+00   6.95700000E+08   4.50000000E+00   2.79500000E+02   1.49436480E+11   1.95135564E-02   2.65660960E-01  
       SSW    20  1.00000000E+00   6.95700000E+08   6.50000000E+00   2.76500000E+02   1.49398028E+11   2.72134880E-02   2.63864049E-01  
       SSW    21  1.00000000E+00   6.95700000E+08   7.50000000E+00   2.76500000E+02   1.49396843E+11   3.18136108E-02   2.63301276E-01  
       SSW    22  1.00000000E+00   6.95700000E+08   7.50000000E+00   2.77500000E+02   1.49408768E+11   3.23170232E-02   2.63684417E-01  
       SSW    23  1.00000000E+00   6.95700000E+08   8.50000000E+00   2.78500000E+02   1.49419488E+11   3.74083590E-02   2.63342555E-01  
       SSW    24  1.00000000E+00   6.95700000E+08   8.50000000E+00   2.79500000E+02   1.49431411E+11   3.79112502E-02   2.63564324E-01  
       SSW    25  1.00000000E+00   6.95700000E+08   9.50000000E+00   2.73500000E+02   1.49359083E+11   3.94885627E-02   2.60312559E-01  
       SSW    26  1.00000000E+00   6.95700000E+08   9.50000000E+00   2.77500000E+02   1.49406406E+11   4.14836585E-02   2.62316426E-01  
       SSW    27  1.00000000E+00   6.95700000E+08   9.50000000E+00   2.78500000E+02   1.49418284E+11   4.19843427E-02   2.62617701E-01  
       SSW    28  1.00000000E+00   6.95700000E+08   9.50000000E+00   2.79500000E+02   1.49430174E+11   4.24854856E-02   2.62838918E-01  
       SSW    29  1.00000000E+00   6.95700000E+08   1.05000000E+01   2.83500000E+02   1.49476410E+11   4.90453595E-02   2.62117091E-01  
       SSW    30  1.00000000E+00   6.95700000E+08   1.15000000E+01   2.73500000E+02   1.49357107E+11   4.86206298E-02   2.58637156E-01  
       SSW    31  1.00000000E+00   6.95700000E+08   1.15000000E+01   2.77500000E+02   1.49404125E+11   5.06000149E-02   2.60628657E-01  
       SSW    32  1.00000000E+00   6.95700000E+08   1.25000000E+01   2.83500000E+02   1.49473668E+11   5.81069522E-02   2.60266781E-01  
       FSW     0  1.90000000E+01   6.95700000E+08  -1.25000000E+01   1.90500000E+02   1.48813097E+11  -8.63839067E-02  -6.94774564E-03  
       FSW     1  1.60000000E+01   6.95700000E+08  -1.35000000E+01   1.94500000E+02   1.48817523E+11  -9.07763429E-02   1.12588427E-02  
       FSW     2  1.40000000E+01   6.95700000E+08  -1.35000000E+01   1.93500000E+02   1.48817117E+11  -9.07938491E-02   6.71593425E-03  
       FSW     3  1.20000000E+01   6.95700000E+08  -1.25000000E+01   1.91500000E+02   1.48812886E+11  -8.63929893E-02  -2.38435263E-03  
       FSW     4  7.00000000E+00   6.95700000E+08  -1.35000000E+01   2.00500000E+02   1.48824271E+11  -9.04859356E-02   3.83943075E-02  
       FSW     5  5.00000000E+00   6.95700000E+08  -1.35000000E+01   1.95500000E+02   1.48818136E+11  -9.07499912E-02   1.57982751E-02  
       FSW     6  5.00000000E+00   6.95700000E+08  -1.35000000E+01   1.96500000E+02   1.48818953E+11  -9.07148023E-02   2.03328298E-02  
       FSW     7  3.00000000E+00   6.95700000E+08  -1.45000000E+01   1.96500000E+02   1.48823178E+11  -9.50964167E-02   2.02439672E-02  
       FSW     8  3.00000000E+00   6.95700000E+08  -1.35000000E+01   2.01500000E+02   1.48826110E+11  -9.04067808E-02   4.28835227E-02  
       FSW     9  2.00000000E+00   6.95700000E+08  -1.45000000E+01   1.97500000E+02   1.48824197E+11  -9.50525639E-02   2.47524548E-02  
       FSW    10  2.00000000E+00   6.95700000E+08  -1.35000000E+01   1.92500000E+02   1.48816915E+11  -9.08025044E-02   2.17095223E-03  
       FSW    11  2.00000000E+00   6.95700000E+08  -1.35000000E+01   1.97500000E+02   1.48819976E+11  -9.06707871E-02   2.48611071E-02  
       FSW    12  1.00000000E+00   6.95700000E+08  -1.55000000E+01   2.01500000E+02   1.48834694E+11  -9.91430326E-02   4.24956537E-02  
       FSW    13  1.00000000E+00   6.95700000E+08  -1.45000000E+01   1.93500000E+02   1.48821350E+11  -9.51751719E-02   6.68658256E-03  
       FSW    14  1.00000000E+00   6.95700000E+08  -1.45000000E+01   2.03500000E+02   1.48834571E+11  -9.46057405E-02   5.15943977E-02  
       FSW    15  1.00000000E+00   6.95700000E+08  -1.35000000E+01   2.02500000E+02   1.48828152E+11  -9.03188961E-02   4.73595000E-02  
       FSW    16  1.00000000E+00   6.95700000E+08  -1.25000000E+01   1.89500000E+02   1.48813515E+11  -8.63659435E-02  -1.15089934E-02  
       FSW    17  1.00000000E+00   6.95700000E+08  -1.25000000E+01   1.93500000E+02   1.48813083E+11  -8.63845040E-02   6.74323278E-03  
       FSW    18  1.00000000E+00   6.95700000E+08  -1.15000000E+01   1.89500000E+02   1.48809685E+11  -8.19298781E-02  -1.15520661E-02  
       FSW    19  1.00000000E+00   6.95700000E+08  -1.15000000E+01   1.90500000E+02   1.48809265E+11  -8.19478961E-02  -6.97374780E-03  
       FSW    20  1.00000000E+00   6.95700000E+08   1.65000000E+01   2.32500000E+02   1.48945846E+11   5.40723049E-02   1.66571019E-01  
       FSW    21  1.00000000E+00   6.95700000E+08   1.75000000E+01   2.32500000E+02   1.48947258E+11   5.86255955E-02   1.65682978E-01  
