#ObserverName coordinate is given in the HelioGraphic Carrington coordinate system HGC (R,CRLT,CRLN).
#ObserverName is the center of Helioprojective coordinate system HPC (DIST,HPLT,HPLN).
#CROTA2=0. Sun North is up.
#List of points is given using spherical (r,lat,lon) representation in the HGC and HPC coordinate systems.
#A probability density is given for each point.
#FSS stands for Fast Solar Wind.
#SSW stands for Slow Solar Wind.
#M stands for Measured Solar Wind Speed 
#Data is formatted as follow:
#nVersion
#Rsun(m)
#ObserverTime
#ObserverName R_OBS(m) CRLT_OBS(degrees) CRLN_OBS(degrees)
#npoint_tot npoint_ssw npoint_fsw npoint_m
#SSW/FSW/M     i       density(%)             R(m)    CRLT(degrees)    CRLN(degrees)          DIST(m)    HPLT(degrees)    HPLN(degrees) 
 1
6.95700000E+08
2026-10-06 18:00:00
EARTH  1.49555683E+11  6.43553993E+00  2.18408674E+02 
51 39 12 0
       SSW     0  1.60000000E+01   6.95700000E+08   5.50000000E+00   2.87500000E+02   1.49304035E+11   1.47971735E-02   2.48248865E-01  
       SSW     1  7.00000000E+00   6.95700000E+08   8.50000000E+00   2.86500000E+02   1.49290424E+11   2.81726465E-02   2.44997820E-01  
       SSW     2  6.00000000E+00   6.95700000E+08   5.50000000E+00   2.88500000E+02   1.49315310E+11   1.52832511E-02   2.49847387E-01  
       SSW     3  6.00000000E+00   6.95700000E+08   1.05000000E+01   2.85500000E+02   1.49278236E+11   3.68990825E-02   2.41843776E-01  
       SSW     4  5.00000000E+00   6.95700000E+08   4.50000000E+00   2.88500000E+02   1.49316309E+11   1.06554497E-02   2.50227520E-01  
       SSW     5  5.00000000E+00   6.95700000E+08   6.50000000E+00   2.87500000E+02   1.49303130E+11   1.94216080E-02   2.47795385E-01  
       SSW     6  3.00000000E+00   6.95700000E+08  -6.50000000E+00   2.92500000E+02   1.49377748E+11  -3.81629465E-02   2.54975866E-01  
       SSW     7  3.00000000E+00   6.95700000E+08  -6.50000000E+00   2.93500000E+02   1.49389318E+11  -3.76600172E-02   2.56185523E-01  
       SSW     8  3.00000000E+00   6.95700000E+08  -5.50000000E+00   2.93500000E+02   1.49387639E+11  -3.30722205E-02   2.56658793E-01  
       SSW     9  3.00000000E+00   6.95700000E+08   4.50000000E+00   2.86500000E+02   1.49293800E+11   9.68428004E-03   2.46949564E-01  
       SSW    10  3.00000000E+00   6.95700000E+08   4.50000000E+00   2.87500000E+02   1.49305017E+11   1.01682825E-02   2.48626595E-01  
       SSW    11  3.00000000E+00   6.95700000E+08   7.50000000E+00   2.87500000E+02   1.49302303E+11   2.40401702E-02   2.47266290E-01  
       SSW    12  3.00000000E+00   6.95700000E+08   1.05000000E+01   2.86500000E+02   1.49289224E+11   3.73711599E-02   2.43572695E-01  
       SSW    13  3.00000000E+00   6.95700000E+08   1.15000000E+01   2.86500000E+02   1.49288746E+11   4.19540622E-02   2.42748520E-01  
       SSW    14  2.00000000E+00   6.95700000E+08  -7.50000000E+00   2.93500000E+02   1.49391049E+11  -4.22362250E-02   2.55634141E-01  
       SSW    15  2.00000000E+00   6.95700000E+08  -6.50000000E+00   2.91500000E+02   1.49366234E+11  -3.86634577E-02   2.53688251E-01  
       SSW    16  2.00000000E+00   6.95700000E+08   4.50000000E+00   2.90500000E+02   1.49339102E+11   1.16386782E-02   2.53199188E-01  
       SSW    17  2.00000000E+00   6.95700000E+08   5.50000000E+00   2.86500000E+02   1.49292835E+11   1.43142537E-02   2.46574355E-01  
       SSW    18  2.00000000E+00   6.95700000E+08   9.50000000E+00   2.85500000E+02   1.49278762E+11   3.23030156E-02   2.42588351E-01  
       SSW    19  2.00000000E+00   6.95700000E+08   1.15000000E+01   2.85500000E+02   1.49277795E+11   4.14839185E-02   2.41025391E-01  
       SSW    20  1.00000000E+00   6.95700000E+08  -7.50000000E+00   2.94500000E+02   1.49402648E+11  -4.17317639E-02   2.56763096E-01  
       SSW    21  1.00000000E+00   6.95700000E+08  -3.50000000E+00   2.95500000E+02   1.49407838E+11  -2.28524539E-02   2.59564406E-01  
       SSW    22  1.00000000E+00   6.95700000E+08  -3.50000000E+00   2.96500000E+02   1.49419611E+11  -2.23419304E-02   2.60542585E-01  
       SSW    23  1.00000000E+00   6.95700000E+08  -2.50000000E+00   2.86500000E+02   1.49302785E+11  -2.27270813E-02   2.47462539E-01  
       SSW    24  1.00000000E+00   6.95700000E+08  -2.50000000E+00   2.95500000E+02   1.49406337E+11  -1.82380983E-02   2.59804547E-01  
       SSW    25  1.00000000E+00   6.95700000E+08   1.50000000E+00   2.85500000E+02   1.49286005E+11  -4.70036128E-03   2.45865332E-01  
       SSW    26  1.00000000E+00   6.95700000E+08   2.50000000E+00   2.85500000E+02   1.49284807E+11  -6.53290225E-05   2.45717494E-01  
       SSW    27  1.00000000E+00   6.95700000E+08   3.50000000E+00   2.85500000E+02   1.49283692E+11   4.56979501E-03   2.45494670E-01  
       SSW    28  1.00000000E+00   6.95700000E+08   3.50000000E+00   2.95500000E+02   1.49398308E+11   9.51729668E-03   2.59580948E-01  
       SSW    29  1.00000000E+00   6.95700000E+08   4.50000000E+00   2.89500000E+02   1.49327672E+11   1.11456318E-02   2.51751867E-01  
       SSW    30  1.00000000E+00   6.95700000E+08   5.50000000E+00   2.89500000E+02   1.49326655E+11   1.57723370E-02   2.51369448E-01  
       SSW    31  1.00000000E+00   6.95700000E+08   7.50000000E+00   2.86500000E+02   1.49291147E+11   2.35598526E-02   2.45598334E-01  
       SSW    32  1.00000000E+00   6.95700000E+08   8.50000000E+00   2.87500000E+02   1.49301553E+11   2.86514459E-02   2.46661742E-01  
       SSW    33  1.00000000E+00   6.95700000E+08   9.50000000E+00   2.79500000E+02   1.49214433E+11   2.95365076E-02   2.30642842E-01  
       SSW    34  1.00000000E+00   6.95700000E+08   9.50000000E+00   2.86500000E+02   1.49289783E+11   3.27768856E-02   2.44322538E-01  
       SSW    35  1.00000000E+00   6.95700000E+08   9.50000000E+00   2.87500000E+02   1.49300881E+11   3.32540231E-02   2.45981925E-01  
       SSW    36  1.00000000E+00   6.95700000E+08   1.15000000E+01   2.83500000E+02   1.49256137E+11   4.05539356E-02   2.37358252E-01  
       SSW    37  1.00000000E+00   6.95700000E+08   1.15000000E+01   2.84500000E+02   1.49266924E+11   4.10171617E-02   2.39228456E-01  
       SSW    38  1.00000000E+00   6.95700000E+08   1.25000000E+01   2.85500000E+02   1.49277440E+11   4.60561191E-02   2.40133446E-01  
       FSW     0  3.10000000E+01   6.95700000E+08   1.55000000E+01   2.32500000E+02   1.48888849E+11   4.30483819E-02   6.28109561E-02  
       FSW     1  2.00000000E+01   6.95700000E+08   1.65000000E+01   2.32500000E+02   1.48890775E+11   4.76510251E-02   6.24965813E-02  
       FSW     2  1.50000000E+01   6.95700000E+08   1.55000000E+01   2.33500000E+02   1.48891791E+11   4.31746685E-02   6.71670268E-02  
       FSW     3  1.40000000E+01   6.95700000E+08   1.65000000E+01   2.33500000E+02   1.48893702E+11   4.77765891E-02   6.68308560E-02  
       FSW     4  7.00000000E+00   6.95700000E+08   1.45000000E+01   2.33500000E+02   1.48890083E+11   3.85594257E-02   6.74826545E-02  
       FSW     5  5.00000000E+00   6.95700000E+08   1.75000000E+01   2.33500000E+02   1.48895816E+11   5.23637677E-02   6.64742468E-02  
       FSW     6  3.00000000E+00   6.95700000E+08   1.55000000E+01   2.31500000E+02   1.48886104E+11   4.29305766E-02   5.84355028E-02  
       FSW     7  1.00000000E+00   6.95700000E+08   9.50000000E+00   2.72500000E+02   1.49143972E+11   2.65049158E-02   2.13502232E-01  
       FSW     8  1.00000000E+00   6.95700000E+08   1.05000000E+01   2.72500000E+02   1.49143860E+11   3.11229357E-02   2.12846340E-01  
       FSW     9  1.00000000E+00   6.95700000E+08   1.45000000E+01   2.32500000E+02   1.48887127E+11   3.84324541E-02   6.31061198E-02  
       FSW    10  1.00000000E+00   6.95700000E+08   1.75000000E+01   2.32500000E+02   1.48892904E+11   5.22389634E-02   6.21630932E-02  
       FSW    11  1.00000000E+00   6.95700000E+08   1.75000000E+01   2.34500000E+02   1.48898923E+11   5.24969149E-02   7.07648913E-02  
