#ObserverName coordinate is given in the HelioGraphic Carrington coordinate system HGC (R,CRLT,CRLN).
#ObserverName is the center of Helioprojective coordinate system HPC (DIST,HPLT,HPLN).
#CROTA2=0. Sun North is up.
#List of points is given using spherical (r,lat,lon) representation in the HGC and HPC coordinate systems.
#A probability density is given for each point.
#FSS stands for Fast Solar Wind.
#SSW stands for Slow Solar Wind.
#M stands for Measured Solar Wind Speed 
#Data is formatted as follow:
#nVersion
#Rsun(m)
#ObserverTime
#ObserverName R_OBS(m) CRLT_OBS(degrees) CRLN_OBS(degrees)
#npoint_tot npoint_ssw npoint_fsw npoint_m
#SSW/FSW/M     i       density(%)             R(m)    CRLT(degrees)    CRLN(degrees)          DIST(m)    HPLT(degrees)    HPLN(degrees) 
 1
6.95700000E+08
2026-10-09 12:00:00
STA  1.44615287E+11 -1.45124300E+00  2.52495901E+02 
60 19 41 0
       SSW     0  4.30000000E+01   6.95700000E+08   1.95000000E+01   3.37500000E+02   1.50007110E+11   1.13037447E-01   1.04382870E-01  
       SSW     1  3.20000000E+01   6.95700000E+08   1.95000000E+01   3.38500000E+02   1.50011743E+11   1.13229115E-01   1.00389982E-01  
       SSW     2  6.00000000E+00   6.95700000E+08   2.05000000E+01   3.38500000E+02   1.50006734E+11   1.17406174E-01   9.97576051E-02  
       SSW     3  2.00000000E+00   6.95700000E+08  -5.45000000E+01   3.35500000E+02   1.49861221E+11  -2.00167546E-01   6.92276162E-02  
       SSW     4  2.00000000E+00   6.95700000E+08  -7.50000000E+00   2.93500000E+02   1.49700521E+11  -2.40407076E-02   2.45838526E-01  
       SSW     5  2.00000000E+00   6.95700000E+08   2.05000000E+01   3.37500000E+02   1.50002130E+11   1.17215841E-01   1.03725321E-01  
       SSW     6  1.00000000E+00   6.95700000E+08  -5.75000000E+01   3.08500000E+02   1.49725129E+11  -2.13925804E-01   1.15176659E-01  
       SSW     7  1.00000000E+00   6.95700000E+08  -5.75000000E+01   3.18500000E+02   1.49773632E+11  -2.11813697E-01   9.86644960E-02  
       SSW     8  1.00000000E+00   6.95700000E+08  -5.75000000E+01   3.20500000E+02   1.49782395E+11  -2.11432163E-01   9.49864943E-02  
       SSW     9  1.00000000E+00   6.95700000E+08  -5.75000000E+01   3.22500000E+02   1.49790821E+11  -2.11065370E-01   9.11934098E-02  
       SSW    10  1.00000000E+00   6.95700000E+08  -5.65000000E+01   3.23500000E+02   1.49802072E+11  -2.08031021E-01   9.16822783E-02  
       SSW    11  1.00000000E+00   6.95700000E+08  -5.65000000E+01   3.25500000E+02   1.49810186E+11  -2.07677967E-01   8.76175330E-02  
       SSW    12  1.00000000E+00   6.95700000E+08  -5.55000000E+01   3.28500000E+02   1.49829225E+11  -2.04237495E-01   8.34507534E-02  
       SSW    13  1.00000000E+00   6.95700000E+08  -5.55000000E+01   3.30500000E+02   1.49836578E+11  -2.03917772E-01   7.90171729E-02  
       SSW    14  1.00000000E+00   6.95700000E+08  -5.55000000E+01   3.33500000E+02   1.49846843E+11  -2.03471401E-01   7.21892122E-02  
       SSW    15  1.00000000E+00   6.95700000E+08  -5.45000000E+01   3.36500000E+02   1.49864299E+11  -2.00033788E-01   6.68059390E-02  
       SSW    16  1.00000000E+00   6.95700000E+08  -5.45000000E+01   3.40500000E+02   1.49875500E+11  -1.99546982E-01   5.69246302E-02  
       SSW    17  1.00000000E+00   6.95700000E+08  -1.35000000E+01   2.92500000E+02   1.49692581E+11  -5.19470438E-02   2.42731619E-01  
       SSW    18  1.00000000E+00   6.95700000E+08  -7.50000000E+00   2.94500000E+02   1.49711606E+11  -2.35719985E-02   2.44103992E-01  
       FSW     0  1.00000000E+01   6.95700000E+08   2.50000000E+00   2.84500000E+02   1.49585618E+11   1.77832884E-02   2.60038796E-01  
       FSW     1  1.00000000E+01   6.95700000E+08   7.50000000E+00   2.79500000E+02   1.49519011E+11   3.82930012E-02   2.62128079E-01  
       FSW     2  7.00000000E+00   6.95700000E+08   3.50000000E+00   2.84500000E+02   1.49584159E+11   2.23944470E-02   2.59803582E-01  
       FSW     3  6.00000000E+00   6.95700000E+08   3.50000000E+00   2.85500000E+02   1.49595892E+11   2.28868848E-02   2.58749122E-01  
       FSW     4  6.00000000E+00   6.95700000E+08   8.50000000E+00   2.79500000E+02   1.49517483E+11   4.28643863E-02   2.61488558E-01  
       FSW     5  5.00000000E+00   6.95700000E+08   2.50000000E+00   2.85500000E+02   1.49597361E+11   1.82765340E-02   2.58983363E-01  
       FSW     6  4.00000000E+00   6.95700000E+08  -6.50000000E+00   2.89500000E+02   1.49654571E+11  -2.13422221E-02   2.52568665E-01  
       FSW     7  4.00000000E+00   6.95700000E+08  -6.50000000E+00   2.90500000E+02   1.49665967E+11  -2.08605566E-02   2.51132063E-01  
       FSW     8  3.00000000E+00   6.95700000E+08  -7.50000000E+00   2.91500000E+02   1.49678124E+11  -2.49878313E-02   2.49083553E-01  
       FSW     9  3.00000000E+00   6.95700000E+08   1.50000000E+00   2.84500000E+02   1.49587032E+11   1.31668068E-02   2.60194873E-01  
       FSW    10  3.00000000E+00   6.95700000E+08   1.50000000E+00   2.85500000E+02   1.49598782E+11   1.36607110E-02   2.59138794E-01  
       FSW    11  3.00000000E+00   6.95700000E+08   8.50000000E+00   2.75500000E+02   1.49469972E+11   4.08763238E-02   2.63295240E-01  
       FSW    12  2.00000000E+00   6.95700000E+08  -7.50000000E+00   2.90500000E+02   1.49666819E+11  -2.54659602E-02   2.50593030E-01  
       FSW    13  2.00000000E+00   6.95700000E+08  -3.50000000E+00   2.87500000E+02   1.49628470E+11  -8.46803674E-03   2.56388985E-01  
       FSW    14  2.00000000E+00   6.95700000E+08  -2.50000000E+00   2.86500000E+02   1.49615675E+11  -4.33634303E-03   2.57837875E-01  
       FSW    15  2.00000000E+00   6.95700000E+08   7.50000000E+00   2.78500000E+02   1.49507137E+11   3.77958276E-02   2.62700910E-01  
       FSW    16  2.00000000E+00   6.95700000E+08   8.50000000E+00   2.80500000E+02   1.49529301E+11   4.33587888E-02   2.60837668E-01  
       FSW    17  2.00000000E+00   6.95700000E+08   9.50000000E+00   2.75500000E+02   1.49468551E+11   4.54416672E-02   2.62570897E-01  
       FSW    18  2.00000000E+00   6.95700000E+08   1.05000000E+01   2.83500000E+02   1.49561154E+11   5.39215662E-02   2.56910878E-01  
       FSW    19  1.00000000E+00   6.95700000E+08  -6.50000000E+00   2.91500000E+02   1.49677297E+11  -2.03817479E-02   2.49619299E-01  
       FSW    20  1.00000000E+00   6.95700000E+08  -5.50000000E+00   2.89500000E+02   1.49653630E+11  -1.67309549E-02   2.53034004E-01  
       FSW    21  1.00000000E+00   6.95700000E+08  -4.50000000E+00   2.87500000E+02   1.49629568E+11  -1.30877192E-02   2.56074380E-01  
       FSW    22  1.00000000E+00   6.95700000E+08  -5.00000000E-01   2.85500000E+02   1.49601479E+11   4.41825659E-03   2.59213074E-01  
       FSW    23  1.00000000E+00   6.95700000E+08   5.00000000E-01   2.84500000E+02   1.49588401E+11   8.54640445E-03   2.60271768E-01  
       FSW    24  1.00000000E+00   6.95700000E+08   5.00000000E-01   2.85500000E+02   1.49600155E+11   9.04081761E-03   2.59215372E-01  
       FSW    25  1.00000000E+00   6.95700000E+08   2.50000000E+00   2.83500000E+02   1.49573829E+11   1.72880731E-02   2.61015257E-01  
       FSW    26  1.00000000E+00   6.95700000E+08   3.50000000E+00   2.80500000E+02   1.49536806E+11   2.04065312E-02   2.63229392E-01  
       FSW    27  1.00000000E+00   6.95700000E+08   3.50000000E+00   2.81500000E+02   1.49548701E+11   2.09059342E-02   2.62492326E-01  
       FSW    28  1.00000000E+00   6.95700000E+08   3.50000000E+00   2.83500000E+02   1.49572381E+11   2.19000427E-02   2.60779142E-01  
       FSW    29  1.00000000E+00   6.95700000E+08   4.50000000E+00   2.79500000E+02   1.49523450E+11   2.45150340E-02   2.63567096E-01  
       FSW    30  1.00000000E+00   6.95700000E+08   4.50000000E+00   2.80500000E+02   1.49535362E+11   2.50148280E-02   2.62910867E-01  
       FSW    31  1.00000000E+00   6.95700000E+08   4.50000000E+00   2.86500000E+02   1.49606045E+11   2.79797334E-02   2.57304516E-01  
       FSW    32  1.00000000E+00   6.95700000E+08   5.50000000E+00   2.79500000E+02   1.49521995E+11   2.91169295E-02   2.63167503E-01  
       FSW    33  1.00000000E+00   6.95700000E+08   5.50000000E+00   2.86500000E+02   1.49604464E+11   3.25738421E-02   2.56914632E-01  
       FSW    34  1.00000000E+00   6.95700000E+08   6.50000000E+00   2.75500000E+02   1.49472786E+11   3.17099447E-02   2.64503136E-01  
       FSW    35  1.00000000E+00   6.95700000E+08   6.50000000E+00   2.79500000E+02   1.49520515E+11   3.37100510E-02   2.62687783E-01  
       FSW    36  1.00000000E+00   6.95700000E+08   9.50000000E+00   2.79500000E+02   1.49515932E+11   4.74228153E-02   2.60769414E-01  
       FSW    37  1.00000000E+00   6.95700000E+08   9.50000000E+00   2.85500000E+02   1.49586105E+11   5.03558304E-02   2.55694210E-01  
       FSW    38  1.00000000E+00   6.95700000E+08   1.05000000E+01   2.77500000E+02   1.49490781E+11   5.09818550E-02   2.61027517E-01  
       FSW    39  1.00000000E+00   6.95700000E+08   1.05000000E+01   2.84500000E+02   1.49572758E+11   5.44061530E-02   2.55950088E-01  
       FSW    40  1.00000000E+00   6.95700000E+08   1.15000000E+01   2.83500000E+02   1.49559400E+11   5.84419175E-02   2.56043760E-01  
