#ObserverName coordinate is given in the HelioGraphic Carrington coordinate system HGC (R,CRLT,CRLN).
#ObserverName is the center of Helioprojective coordinate system HPC (DIST,HPLT,HPLN).
#CROTA2=0. Sun North is up.
#List of points is given using spherical (r,lat,lon) representation in the HGC and HPC coordinate systems.
#A probability density is given for each point.
#FSS stands for Fast Solar Wind.
#SSW stands for Slow Solar Wind.
#M stands for Measured Solar Wind Speed 
#Data is formatted as follow:
#nVersion
#Rsun(m)
#ObserverTime
#ObserverName R_OBS(m) CRLT_OBS(degrees) CRLN_OBS(degrees)
#npoint_tot npoint_ssw npoint_fsw npoint_m
#SSW/FSW/M     i       density(%)             R(m)    CRLT(degrees)    CRLN(degrees)          DIST(m)    HPLT(degrees)    HPLN(degrees) 
 1
6.95700000E+08
2026-10-07 00:00:00
BEPI  6.81781518E+10 -2.28946520E+00  1.26454709E+02 
61 32 29 0
       SSW     0  1.10000000E+01   6.95700000E+08  -1.05000000E+01   1.63500000E+02   1.49138267E+11  -6.66524586E-02  -2.05982828E-01  
       SSW     1  1.00000000E+01   6.95700000E+08  -1.05000000E+01   1.62500000E+02   1.49147655E+11  -6.62434763E-02  -2.08786550E-01  
       SSW     2  8.00000000E+00   6.95700000E+08  -1.15000000E+01   1.62500000E+02   1.49150393E+11  -7.07317639E-02  -2.08075604E-01  
       SSW     3  8.00000000E+00   6.95700000E+08  -9.50000000E+00   1.63500000E+02   1.49135621E+11  -6.21447607E-02  -2.06621380E-01  
       SSW     4  7.00000000E+00   6.95700000E+08  -1.25000000E+01   1.62500000E+02   1.49153253E+11  -7.51982810E-02  -2.07301136E-01  
       SSW     5  6.00000000E+00   6.95700000E+08  -1.15000000E+01   1.61500000E+02   1.49159875E+11  -7.03184680E-02  -2.10805918E-01  
       SSW     6  4.00000000E+00   6.95700000E+08  -1.15000000E+01   1.63500000E+02   1.49141037E+11  -7.11396349E-02  -2.05281385E-01  
       SSW     7  4.00000000E+00   6.95700000E+08  -9.50000000E+00   1.62500000E+02   1.49145039E+11  -6.17347952E-02  -2.09433753E-01  
       SSW     8  3.00000000E+00   6.95700000E+08  -1.25000000E+01   1.63500000E+02   1.49143931E+11  -7.56049129E-02  -2.04517269E-01  
       SSW     9  3.00000000E+00   6.95700000E+08  -7.50000000E+00   1.62500000E+02   1.49140174E+11  -5.26617919E-02  -2.10536140E-01  
       SSW    10  3.00000000E+00   6.95700000E+08  -4.50000000E+00   1.63500000E+02   1.49124289E+11  -3.93470679E-02  -2.08864477E-01  
       SSW    11  3.00000000E+00   6.95700000E+08  -2.50000000E+00   1.63500000E+02   1.49120653E+11  -3.01331817E-02  -2.09316005E-01  
       SSW    12  2.00000000E+00   6.95700000E+08  -1.25000000E+01   1.60500000E+02   1.49172266E+11  -7.43689192E-02  -2.12677051E-01  
       SSW    13  2.00000000E+00   6.95700000E+08  -1.25000000E+01   1.61500000E+02   1.49162698E+11  -7.47862405E-02  -2.10021337E-01  
       SSW    14  2.00000000E+00   6.95700000E+08  -1.15000000E+01   1.60500000E+02   1.49169478E+11  -6.98998753E-02  -2.13471501E-01  
       SSW    15  2.00000000E+00   6.95700000E+08  -8.50000000E+00   1.62500000E+02   1.49142545E+11  -5.72071039E-02  -2.10017011E-01  
       SSW    16  2.00000000E+00   6.95700000E+08  -8.50000000E+00   1.63500000E+02   1.49133101E+11  -5.76179246E-02  -2.07196842E-01  
       SSW    17  2.00000000E+00   6.95700000E+08  -6.50000000E+00   1.62500000E+02   1.49137927E+11  -4.81002542E-02  -2.10990979E-01  
       SSW    18  2.00000000E+00   6.95700000E+08  -3.50000000E+00   1.63500000E+02   1.49122406E+11  -3.47454878E-02  -2.09122179E-01  
       SSW    19  2.00000000E+00   6.95700000E+08  -2.50000000E+00   1.62500000E+02   1.49130193E+11  -2.97199175E-02  -2.12164880E-01  
       SSW    20  2.00000000E+00   6.95700000E+08  -5.00000000E-01   1.63500000E+02   1.49117537E+11  -2.08820607E-02  -2.09511803E-01  
       SSW    21  2.00000000E+00   6.95700000E+08   1.50000000E+00   1.64500000E+02   1.49105529E+11  -1.20118055E-02  -2.06536552E-01  
       SSW    22  1.00000000E+00   6.95700000E+08  -7.50000000E+00   1.63500000E+02   1.49130707E+11  -5.30733396E-02  -2.07709033E-01  
       SSW    23  1.00000000E+00   6.95700000E+08  -4.50000000E+00   1.62500000E+02   1.49133808E+11  -3.89341070E-02  -2.11707236E-01  
       SSW    24  1.00000000E+00   6.95700000E+08  -2.50000000E+00   1.64500000E+02   1.49111243E+11  -3.05408223E-02  -2.06402821E-01  
       SSW    25  1.00000000E+00   6.95700000E+08  -2.50000000E+00   1.65500000E+02   1.49101967E+11  -3.09427128E-02  -2.03426212E-01  
       SSW    26  1.00000000E+00   6.95700000E+08   5.00000000E-01   1.63500000E+02   1.49116175E+11  -1.62460875E-02  -2.09513711E-01  
       SSW    27  1.00000000E+00   6.95700000E+08   1.50000000E+00   1.63500000E+02   1.49114945E+11  -1.16050708E-02  -2.09451615E-01  
       SSW    28  1.00000000E+00   6.95700000E+08   2.50000000E+00   1.64500000E+02   1.49104436E+11  -7.36663304E-03  -2.06412217E-01  
       SSW    29  1.00000000E+00   6.95700000E+08   3.50000000E+00   1.65500000E+02   1.49094209E+11  -3.11896062E-03  -2.03250765E-01  
       SSW    30  1.00000000E+00   6.95700000E+08   4.50000000E+00   1.64500000E+02   1.49102655E+11   1.92922705E-03  -2.05974414E-01  
       SSW    31  1.00000000E+00   6.95700000E+08   5.50000000E+00   1.65500000E+02   1.49092724E+11   6.17891273E-03  -2.02695120E-01  
       FSW     0  2.00000000E+01   6.95700000E+08  -1.15000000E+01   1.59500000E+02   1.49179201E+11  -6.94761153E-02  -2.16071547E-01  
       FSW     1  1.50000000E+01   6.95700000E+08  -1.25000000E+01   1.58500000E+02   1.49191755E+11  -7.35189517E-02  -2.17791821E-01  
       FSW     2  1.10000000E+01   6.95700000E+08  -1.05000000E+01   1.60500000E+02   1.49166805E+11  -6.54093218E-02  -2.14200791E-01  
       FSW     3  6.00000000E+00   6.95700000E+08  -1.45000000E+01   1.56500000E+02   1.49217281E+11  -8.15296065E-02  -2.20772849E-01  
       FSW     4  5.00000000E+00   6.95700000E+08  -1.25000000E+01   1.59500000E+02   1.49181952E+11  -7.39464460E-02  -2.15267473E-01  
       FSW     5  5.00000000E+00   6.95700000E+08  -1.15000000E+01   1.60500000E+02   1.49169478E+11  -6.98998753E-02  -2.13471501E-01  
       FSW     6  4.00000000E+00   6.95700000E+08  -1.05000000E+01   1.59500000E+02   1.49176561E+11  -6.49844077E-02  -2.16809671E-01  
       FSW     7  4.00000000E+00   6.95700000E+08  -9.50000000E+00   1.60500000E+02   1.49164248E+11  -6.08986357E-02  -2.14864691E-01  
       FSW     8  3.00000000E+00   6.95700000E+08  -1.45000000E+01   1.57500000E+02   1.49207341E+11  -8.19636716E-02  -2.18402823E-01  
       FSW     9  3.00000000E+00   6.95700000E+08  -1.35000000E+01   1.57500000E+02   1.49204453E+11  -7.75370406E-02  -2.19359547E-01  
       FSW    10  2.00000000E+00   6.95700000E+08  -1.65000000E+01   1.55500000E+02   1.49233219E+11  -8.98745542E-02  -2.20917189E-01  
       FSW    11  2.00000000E+00   6.95700000E+08  -1.55000000E+01   1.55500000E+02   1.49230225E+11  -8.54958893E-02  -2.22030038E-01  
       FSW    12  2.00000000E+00   6.95700000E+08  -1.25000000E+01   1.57500000E+02   1.49201670E+11  -7.30865685E-02  -2.20249334E-01  
       FSW    13  2.00000000E+00   6.95700000E+08  -1.50000000E+00   1.61500000E+02   1.49138249E+11  -2.46796214E-02  -2.15081951E-01  
       FSW    14  2.00000000E+00   6.95700000E+08   5.00000000E-01   1.61500000E+02   1.49135401E+11  -1.54150678E-02  -2.15151584E-01  
       FSW    15  1.00000000E+00   6.95700000E+08  -1.65000000E+01   1.54500000E+02   1.49243270E+11  -8.94351431E-02  -2.23129621E-01  
       FSW    16  1.00000000E+00   6.95700000E+08  -1.55000000E+01   1.56500000E+02   1.49220226E+11  -8.59327824E-02  -2.19738449E-01  
       FSW    17  1.00000000E+00   6.95700000E+08  -1.35000000E+01   1.58500000E+02   1.49194578E+11  -7.79679713E-02  -2.16911904E-01  
       FSW    18  1.00000000E+00   6.95700000E+08  -9.50000000E+00   1.61500000E+02   1.49154582E+11  -6.13193773E-02  -2.12181801E-01  
       FSW    19  1.00000000E+00   6.95700000E+08  -8.50000000E+00   1.60500000E+02   1.49161807E+11  -5.63692007E-02  -2.15462996E-01  
       FSW    20  1.00000000E+00   6.95700000E+08  -7.50000000E+00   1.60500000E+02   1.49159484E+11  -5.18224061E-02  -2.15995518E-01  
       FSW    21  1.00000000E+00   6.95700000E+08  -7.50000000E+00   1.62500000E+02   1.49140174E+11  -5.26617919E-02  -2.10536140E-01  
       FSW    22  1.00000000E+00   6.95700000E+08  -6.50000000E+00   1.61500000E+02   1.49147541E+11  -4.76826264E-02  -2.13759358E-01  
       FSW    23  1.00000000E+00   6.95700000E+08  -4.50000000E+00   1.61500000E+02   1.49143455E+11  -3.85156544E-02  -2.14484966E-01  
       FSW    24  1.00000000E+00   6.95700000E+08  -3.50000000E+00   1.62500000E+02   1.49131937E+11  -3.43323115E-02  -2.11968429E-01  
       FSW    25  1.00000000E+00   6.95700000E+08  -2.50000000E+00   1.61500000E+02   1.49139860E+11  -2.93011576E-02  -2.14948584E-01  
       FSW    26  1.00000000E+00   6.95700000E+08  -5.00000000E-01   1.61500000E+02   1.49136763E+11  -2.00504509E-02  -2.15149625E-01  
       FSW    27  1.00000000E+00   6.95700000E+08   1.50000000E+00   1.61500000E+02   1.49134165E+11  -1.07748954E-02  -2.15087826E-01  
       FSW    28  1.00000000E+00   6.95700000E+08   4.50000000E+00   1.63500000E+02   1.49112045E+11   2.33397691E-03  -2.08881578E-01  
