#ObserverName coordinate is given in the HelioGraphic Carrington coordinate system HGC (R,CRLT,CRLN).
#ObserverName is the center of Helioprojective coordinate system HPC (DIST,HPLT,HPLN).
#CROTA2=0. Sun North is up.
#List of points is given using spherical (r,lat,lon) representation in the HGC and HPC coordinate systems.
#A probability density is given for each point.
#FSS stands for Fast Solar Wind.
#SSW stands for Slow Solar Wind.
#M stands for Measured Solar Wind Speed 
#Data is formatted as follow:
#nVersion
#Rsun(m)
#ObserverTime
#ObserverName R_OBS(m) CRLT_OBS(degrees) CRLN_OBS(degrees)
#npoint_tot npoint_ssw npoint_fsw npoint_m
#SSW/FSW/M     i       density(%)             R(m)    CRLT(degrees)    CRLN(degrees)          DIST(m)    HPLT(degrees)    HPLN(degrees) 
 1
6.95700000E+08
2026-10-10 00:00:00
BEPI  6.67611820E+10 -1.87918152E+00  9.28196968E+01 
58 37 21 0
       SSW     0  7.00000000E+00   6.95700000E+08  -7.50000000E+00   8.35000000E+01   1.49453861E+11  -3.35876941E-02  -2.64261908E-01  
       SSW     1  6.00000000E+00   6.95700000E+08  -8.50000000E+00   1.65500000E+02   1.48755868E+11  -6.77292562E-02  -4.61643846E-02  
       SSW     2  5.00000000E+00   6.95700000E+08  -9.50000000E+00   1.65500000E+02   1.48759045E+11  -7.22412380E-02  -4.60359653E-02  
       SSW     3  5.00000000E+00   6.95700000E+08  -6.50000000E+00   1.65500000E+02   1.48750124E+11  -5.86439614E-02  -4.63788280E-02  
       SSW     4  5.00000000E+00   6.95700000E+08   2.50000000E+00   1.66500000E+02   1.48732462E+11  -1.71120469E-02  -4.20314731E-02  
       SSW     5  5.00000000E+00   6.95700000E+08   3.50000000E+00   1.66500000E+02   1.48731766E+11  -1.24424359E-02  -4.19932399E-02  
       SSW     6  4.00000000E+00   6.95700000E+08  -1.15000000E+01   1.64500000E+02   1.48768173E+11  -8.11047160E-02  -5.02415404E-02  
       SSW     7  4.00000000E+00   6.95700000E+08  -1.05000000E+01   8.15000000E+01   1.49481262E+11  -4.63040631E-02  -2.61546882E-01  
       SSW     8  3.00000000E+00   6.95700000E+08  -1.15000000E+01   8.15000000E+01   1.49482395E+11  -5.08519412E-02  -2.60659080E-01  
       SSW     9  3.00000000E+00   6.95700000E+08  -1.05000000E+01   1.64500000E+02   1.48764601E+11  -7.66384706E-02  -5.04134874E-02  
       SSW    10  3.00000000E+00   6.95700000E+08  -7.50000000E+00   1.65500000E+02   1.48752894E+11  -6.31963647E-02  -4.62786842E-02  
       SSW    11  3.00000000E+00   6.95700000E+08  -6.50000000E+00   8.35000000E+01   1.49452604E+11  -2.89929162E-02  -2.64831061E-01  
       SSW    12  3.00000000E+00   6.95700000E+08  -5.50000000E+00   8.45000000E+01   1.49439328E+11  -2.48945354E-02  -2.65464764E-01  
       SSW    13  3.00000000E+00   6.95700000E+08  -4.50000000E+00   8.45000000E+01   1.49438033E+11  -2.02837500E-02  -2.65872738E-01  
       SSW    14  3.00000000E+00   6.95700000E+08  -4.50000000E+00   1.65500000E+02   1.48745197E+11  -4.94862430E-02  -4.65365256E-02  
       SSW    15  3.00000000E+00   6.95700000E+08  -3.50000000E+00   8.45000000E+01   1.49436732E+11  -1.56667066E-02  -2.66199742E-01  
       SSW    16  3.00000000E+00   6.95700000E+08  -3.50000000E+00   1.66500000E+02   1.48741038E+11  -4.49683609E-02  -4.19906341E-02  
       SSW    17  3.00000000E+00   6.95700000E+08  -2.50000000E+00   1.66500000E+02   1.48739088E+11  -4.03520265E-02  -4.20296095E-02  
       SSW    18  2.00000000E+00   6.95700000E+08  -1.35000000E+01   1.62500000E+02   1.48780824E+11  -8.97518012E-02  -5.87433839E-02  
       SSW    19  2.00000000E+00   6.95700000E+08  -1.35000000E+01   1.63500000E+02   1.48778267E+11  -8.98605460E-02  -5.43058824E-02  
       SSW    20  2.00000000E+00   6.95700000E+08  -1.25000000E+01   8.15000000E+01   1.49483508E+11  -5.53842680E-02  -2.59691928E-01  
       SSW    21  2.00000000E+00   6.95700000E+08  -1.25000000E+01   1.64500000E+02   1.48771943E+11  -8.55459285E-02  -5.00542312E-02  
       SSW    22  2.00000000E+00   6.95700000E+08  -1.05000000E+01   1.65500000E+02   1.48762423E+11  -7.67309186E-02  -4.58934668E-02  
       SSW    23  2.00000000E+00   6.95700000E+08  -8.50000000E+00   8.25000000E+01   1.49467030E+11  -3.76694058E-02  -2.63387911E-01  
       SSW    24  2.00000000E+00   6.95700000E+08  -6.50000000E+00   8.45000000E+01   1.49440618E+11  -2.94976592E-02  -2.64975946E-01  
       SSW    25  2.00000000E+00   6.95700000E+08   5.50000000E+00   1.67500000E+02   1.48729211E+11  -3.16821866E-03  -3.72742295E-02  
       SSW    26  2.00000000E+00   6.95700000E+08   9.50000000E+00   1.66500000E+02   1.48731998E+11   1.56054358E-02  -4.14946596E-02  
       SSW    27  2.00000000E+00   6.95700000E+08   1.15000000E+01   1.63500000E+02   1.48740271E+11   2.52035538E-02  -5.47417280E-02  
       SSW    28  1.00000000E+00   6.95700000E+08  -1.85000000E+01   8.15000000E+01   1.49489770E+11  -8.21748434E-02  -2.52240889E-01  
       SSW    29  1.00000000E+00   6.95700000E+08  -1.55000000E+01   8.15000000E+01   1.49486731E+11  -6.88741818E-02  -2.56317444E-01  
       SSW    30  1.00000000E+00   6.95700000E+08  -7.50000000E+00   8.25000000E+01   1.49465813E+11  -3.30840610E-02  -2.64036927E-01  
       SSW    31  1.00000000E+00   6.95700000E+08  -5.50000000E+00   1.65500000E+02   1.48747558E+11  -5.40734508E-02  -4.64647842E-02  
       SSW    32  1.00000000E+00   6.95700000E+08  -4.50000000E+00   1.66500000E+02   1.48743195E+11  -4.95708079E-02  -4.19388109E-02  
       SSW    33  1.00000000E+00   6.95700000E+08   5.00000000E-01   1.66500000E+02   1.48734485E+11  -2.64339678E-02  -4.20693444E-02  
       SSW    34  1.00000000E+00   6.95700000E+08   1.50000000E+00   8.35000000E+01   1.49442218E+11   7.96801993E-03  -2.66471606E-01  
       SSW    35  1.00000000E+00   6.95700000E+08   1.50000000E+00   1.66500000E+02   1.48733369E+11  -2.17763709E-02  -4.20568438E-02  
       SSW    36  1.00000000E+00   6.95700000E+08   1.05000000E+01   1.64500000E+02   1.48736926E+11   2.04451670E-02  -5.04228261E-02  
       FSW     0  1.50000000E+01   6.95700000E+08  -6.50000000E+00   8.35000000E+01   1.49452604E+11  -2.89929162E-02  -2.64831061E-01  
       FSW     1  1.20000000E+01   6.95700000E+08  -7.50000000E+00   8.35000000E+01   1.49453861E+11  -3.35876941E-02  -2.64261908E-01  
       FSW     2  1.10000000E+01   6.95700000E+08  -4.50000000E+00   8.35000000E+01   1.49450060E+11  -1.97780402E-02  -2.65727291E-01  
       FSW     3  7.00000000E+00   6.95700000E+08  -7.50000000E+00   8.25000000E+01   1.49465813E+11  -3.30840610E-02  -2.64036927E-01  
       FSW     4  7.00000000E+00   6.95700000E+08  -5.50000000E+00   8.35000000E+01   1.49451337E+11  -2.43892312E-02  -2.65319573E-01  
       FSW     5  7.00000000E+00   6.95700000E+08  -3.50000000E+00   8.35000000E+01   1.49448774E+11  -1.51607470E-02  -2.66054091E-01  
       FSW     6  7.00000000E+00   6.95700000E+08  -2.50000000E+00   8.35000000E+01   1.49447479E+11  -1.05387568E-02  -2.66299869E-01  
       FSW     7  6.00000000E+00   6.95700000E+08  -4.50000000E+00   8.45000000E+01   1.49438033E+11  -2.02837500E-02  -2.65872738E-01  
       FSW     8  5.00000000E+00   6.95700000E+08  -5.50000000E+00   8.45000000E+01   1.49439328E+11  -2.48945354E-02  -2.65464764E-01  
       FSW     9  3.00000000E+00   6.95700000E+08  -1.15000000E+01   8.15000000E+01   1.49482395E+11  -5.08519412E-02  -2.60659080E-01  
       FSW    10  3.00000000E+00   6.95700000E+08  -1.05000000E+01   8.15000000E+01   1.49481262E+11  -4.63040631E-02  -2.61546882E-01  
       FSW    11  3.00000000E+00   6.95700000E+08  -9.50000000E+00   8.15000000E+01   1.49480110E+11  -4.17420167E-02  -2.62355060E-01  
       FSW    12  3.00000000E+00   6.95700000E+08  -1.50000000E+00   8.35000000E+01   1.49446175E+11  -5.91347672E-03  -2.66464550E-01  
       FSW    13  2.00000000E+00   6.95700000E+08  -8.50000000E+00   8.15000000E+01   1.49478941E+11  -3.71671898E-02  -2.63083368E-01  
       FSW    14  2.00000000E+00   6.95700000E+08  -8.50000000E+00   8.25000000E+01   1.49467030E+11  -3.76694058E-02  -2.63387911E-01  
       FSW    15  2.00000000E+00   6.95700000E+08  -6.50000000E+00   8.45000000E+01   1.49440618E+11  -2.94976592E-02  -2.64975946E-01  
       FSW    16  1.00000000E+00   6.95700000E+08  -6.50000000E+00   8.25000000E+01   1.49464581E+11  -2.84885666E-02  -2.64605551E-01  
       FSW    17  1.00000000E+00   6.95700000E+08  -3.50000000E+00   8.45000000E+01   1.49436732E+11  -1.56667066E-02  -2.66199742E-01  
       FSW    18  1.00000000E+00   6.95700000E+08  -2.50000000E+00   8.25000000E+01   1.49459523E+11  -1.00330973E-02  -2.66072990E-01  
       FSW    19  1.00000000E+00   6.95700000E+08  -5.00000000E-01   8.35000000E+01   1.49444864E+11  -1.28631474E-03  -2.66548080E-01  
       FSW    20  1.00000000E+00   6.95700000E+08   1.50000000E+00   8.35000000E+01   1.49442218E+11   7.96801993E-03  -2.66471606E-01  
