#ObserverName coordinate is given in the HelioGraphic Carrington coordinate system HGC (R,CRLT,CRLN).
#ObserverName is the center of Helioprojective coordinate system HPC (DIST,HPLT,HPLN).
#CROTA2=0. Sun North is up.
#List of points is given using spherical (r,lat,lon) representation in the HGC and HPC coordinate systems.
#A probability density is given for each point.
#FSS stands for Fast Solar Wind.
#SSW stands for Slow Solar Wind.
#M stands for Measured Solar Wind Speed 
#Data is formatted as follow:
#nVersion
#Rsun(m)
#ObserverTime
#ObserverName R_OBS(m) CRLT_OBS(degrees) CRLN_OBS(degrees)
#npoint_tot npoint_ssw npoint_fsw npoint_m
#SSW/FSW/M     i       density(%)             R(m)    CRLT(degrees)    CRLN(degrees)          DIST(m)    HPLT(degrees)    HPLN(degrees) 
 1
6.95700000E+08
2026-10-09 00:00:00
PSP  1.05801976E+11  3.48576532E+00  1.32806222E+02 
66 27 39 0
       SSW     0  5.30000000E+01   6.95700000E+08  -1.25000000E+01   1.89500000E+02   1.48802253E+11  -8.63294511E-02   3.54087972E-03  
       SSW     1  6.00000000E+00   6.95700000E+08  -1.15000000E+01   1.89500000E+02   1.48798423E+11  -8.18927469E-02   3.55413152E-03  
       SSW     2  3.00000000E+00   6.95700000E+08  -1.25000000E+01   1.90500000E+02   1.48802516E+11  -8.63181447E-02   8.10418957E-03  
       SSW     3  3.00000000E+00   6.95700000E+08  -2.50000000E+00   1.70500000E+02   1.48807940E+11  -3.95112851E-02  -8.36920323E-02  
       SSW     4  3.00000000E+00   6.95700000E+08   5.00000000E-01   1.71500000E+02   1.48799632E+11  -2.57574179E-02  -7.93199753E-02  
       SSW     5  3.00000000E+00   6.95700000E+08   2.50000000E+00   1.70500000E+02   1.48801249E+11  -1.62848306E-02  -8.36957787E-02  
       SSW     6  3.00000000E+00   6.95700000E+08   5.50000000E+00   1.69500000E+02   1.48803527E+11  -2.11304070E-03  -8.77959634E-02  
       SSW     7  2.00000000E+00   6.95700000E+08  -1.35000000E+01   1.89500000E+02   1.48806284E+11  -9.07395085E-02   3.52654528E-03  
       SSW     8  2.00000000E+00   6.95700000E+08  -9.50000000E+00   1.68500000E+02   1.48833542E+11  -7.11394951E-02  -9.13146173E-02  
       SSW     9  2.00000000E+00   6.95700000E+08  -8.50000000E+00   1.68500000E+02   1.48830441E+11  -6.66273329E-02  -9.15692961E-02  
       SSW    10  2.00000000E+00   6.95700000E+08  -3.50000000E+00   1.70500000E+02   1.48809879E+11  -4.41256884E-02  -8.36144284E-02  
       SSW    11  2.00000000E+00   6.95700000E+08  -1.50000000E+00   1.70500000E+02   1.48806200E+11  -3.48846793E-02  -8.37440325E-02  
       SSW    12  2.00000000E+00   6.95700000E+08   1.50000000E+00   1.71500000E+02   1.48798496E+11  -2.11026212E-02  -7.92964165E-02  
       SSW    13  1.00000000E+00   6.95700000E+08  -1.65000000E+01   1.87500000E+02   1.48819663E+11  -1.03792342E-01  -5.48695330E-03  
       SSW    14  1.00000000E+00   6.95700000E+08  -7.50000000E+00   1.68500000E+02   1.48827533E+11  -6.20946069E-02  -9.17959737E-02  
       SSW    15  1.00000000E+00   6.95700000E+08  -4.50000000E+00   1.69500000E+02   1.48815896E+11  -4.85609994E-02  -8.79228535E-02  
       SSW    16  1.00000000E+00   6.95700000E+08  -3.50000000E+00   1.69500000E+02   1.48813763E+11  -4.39601378E-02  -8.80314839E-02  
       SSW    17  1.00000000E+00   6.95700000E+08  -1.50000000E+00   1.71500000E+02   1.48802511E+11  -3.50417029E-02  -7.92942863E-02  
       SSW    18  1.00000000E+00   6.95700000E+08  -5.00000000E-01   1.70500000E+02   1.48804661E+11  -3.02472985E-02  -8.37704122E-02  
       SSW    19  1.00000000E+00   6.95700000E+08  -5.00000000E-01   1.71500000E+02   1.48800971E+11  -3.04042566E-02  -7.93192649E-02  
       SSW    20  1.00000000E+00   6.95700000E+08   5.00000000E-01   1.70500000E+02   1.48803323E+11  -2.56005737E-02  -8.37711624E-02  
       SSW    21  1.00000000E+00   6.95700000E+08   1.50000000E+00   1.70500000E+02   1.48802185E+11  -2.09459389E-02  -8.37462822E-02  
       SSW    22  1.00000000E+00   6.95700000E+08   2.50000000E+00   1.71500000E+02   1.48797562E+11  -1.64413029E-02  -7.92485954E-02  
       SSW    23  1.00000000E+00   6.95700000E+08   2.50000000E+00   1.72500000E+02   1.48794077E+11  -1.65892142E-02  -7.47769502E-02  
       SSW    24  1.00000000E+00   6.95700000E+08   3.50000000E+00   1.71500000E+02   1.48796832E+11  -1.17749020E-02  -7.91765261E-02  
       SSW    25  1.00000000E+00   6.95700000E+08   4.50000000E+00   1.69500000E+02   1.48803863E+11  -6.78455945E-03  -8.79299329E-02  
       SSW    26  1.00000000E+00   6.95700000E+08   8.50000000E+00   1.69500000E+02   1.48803726E+11   1.18997150E-02  -8.72330896E-02  
       FSW     0  9.00000000E+00   6.95700000E+08   3.50000000E+00   1.66500000E+02   1.48817242E+11  -1.09093773E-02  -1.01120574E-01  
       FSW     1  7.00000000E+00   6.95700000E+08  -1.50000000E+00   1.66500000E+02   1.48822952E+11  -3.41716954E-02  -1.01270951E-01  
       FSW     2  6.00000000E+00   6.95700000E+08   5.50000000E+00   1.67500000E+02   1.48811869E+11  -1.75982486E-03  -9.65238181E-02  
       FSW     3  5.00000000E+00   6.95700000E+08  -8.50000000E+00   1.65500000E+02   1.48843750E+11  -6.60580686E-02  -1.04442766E-01  
       FSW     4  5.00000000E+00   6.95700000E+08   4.50000000E+00   1.66500000E+02   1.48816690E+11  -6.24102647E-03  -1.00997606E-01  
       FSW     5  4.00000000E+00   6.95700000E+08  -9.50000000E+00   1.65500000E+02   1.48846813E+11  -7.05714118E-02  -1.04152308E-01  
       FSW     6  4.00000000E+00   6.95700000E+08  -8.50000000E+00   1.66500000E+02   1.48839119E+11  -6.62561146E-02  -1.00182075E-01  
       FSW     7  4.00000000E+00   6.95700000E+08  -3.50000000E+00   1.66500000E+02   1.48826605E+11  -4.34127694E-02  -1.01114239E-01  
       FSW     8  4.00000000E+00   6.95700000E+08  -5.00000000E-01   1.66500000E+02   1.48821418E+11  -2.95346121E-02  -1.01302848E-01  
       FSW     9  3.00000000E+00   6.95700000E+08  -7.50000000E+00   1.65500000E+02   1.48840874E+11  -6.15243397E-02  -1.04701288E-01  
       FSW    10  3.00000000E+00   6.95700000E+08  -7.50000000E+00   1.66500000E+02   1.48836233E+11  -6.17227346E-02  -1.00430059E-01  
       FSW    11  3.00000000E+00   6.95700000E+08  -2.50000000E+00   1.66500000E+02   1.48824681E+11  -3.87982235E-02  -1.01208074E-01  
       FSW    12  3.00000000E+00   6.95700000E+08   5.50000000E+00   1.66500000E+02   1.48816335E+11  -1.57073782E-03  -1.00843740E-01  
       FSW    13  3.00000000E+00   6.95700000E+08   6.50000000E+00   1.67500000E+02   1.48811719E+11   2.91144671E-03  -9.63470082E-02  
       FSW    14  2.00000000E+00   6.95700000E+08  -1.05000000E+01   1.65500000E+02   1.48850065E+11  -7.50629786E-02  -1.03830007E-01  
       FSW    15  2.00000000E+00   6.95700000E+08  -6.50000000E+00   1.66500000E+02   1.48833537E+11  -5.71703040E-02  -1.00647331E-01  
       FSW    16  2.00000000E+00   6.95700000E+08  -5.50000000E+00   1.65500000E+02   1.48835694E+11  -5.24013192E-02  -1.05122211E-01  
       FSW    17  2.00000000E+00   6.95700000E+08  -4.50000000E+00   1.66500000E+02   1.48828723E+11  -4.80139099E-02  -1.00989476E-01  
       FSW    18  2.00000000E+00   6.95700000E+08  -1.50000000E+00   1.65500000E+02   1.48827633E+11  -3.39725057E-02  -1.05577915E-01  
       FSW    19  2.00000000E+00   6.95700000E+08   5.00000000E-01   1.65500000E+02   1.48824762E+11  -2.46894419E-02  -1.05612113E-01  
       FSW    20  2.00000000E+00   6.95700000E+08   5.00000000E-01   1.66500000E+02   1.48820080E+11  -2.48884042E-02  -1.01303755E-01  
       FSW    21  2.00000000E+00   6.95700000E+08   1.50000000E+00   1.66500000E+02   1.48818938E+11  -2.02345048E-02  -1.01273671E-01  
       FSW    22  2.00000000E+00   6.95700000E+08   2.50000000E+00   1.66500000E+02   1.48817992E+11  -1.55743499E-02  -1.01212605E-01  
       FSW    23  2.00000000E+00   6.95700000E+08   3.50000000E+00   1.65500000E+02   1.48821916E+11  -1.07112138E-02  -1.05421147E-01  
       FSW    24  2.00000000E+00   6.95700000E+08   7.50000000E+00   1.67500000E+02   1.48811767E+11   7.58183074E-03  -9.61407220E-02  
       FSW    25  2.00000000E+00   6.95700000E+08   9.50000000E+00   1.64500000E+02   1.48826313E+11   1.74989380E-02  -1.08387383E-01  
       FSW    26  1.00000000E+00   6.95700000E+08  -1.55000000E+01   1.60500000E+02   1.48894432E+11  -9.60573965E-02  -1.22002444E-01  
       FSW    27  1.00000000E+00   6.95700000E+08  -1.25000000E+01   1.64500000E+02   1.48861887E+11  -8.37710985E-02  -1.07264050E-01  
       FSW    28  1.00000000E+00   6.95700000E+08  -6.50000000E+00   1.65500000E+02   1.48838189E+11  -5.69716222E-02  -1.04927793E-01  
       FSW    29  1.00000000E+00   6.95700000E+08  -5.50000000E+00   1.66500000E+02   1.48831034E+11  -5.26002261E-02  -1.00833823E-01  
       FSW    30  1.00000000E+00   6.95700000E+08  -4.50000000E+00   1.65500000E+02   1.48833390E+11  -4.78148397E-02  -1.05284478E-01  
       FSW    31  1.00000000E+00   6.95700000E+08  -3.50000000E+00   1.65500000E+02   1.48831278E+11  -4.32135977E-02  -1.05414544E-01  
       FSW    32  1.00000000E+00   6.95700000E+08  -1.50000000E+00   1.67500000E+02   1.48818467E+11  -3.43625659E-02  -9.69327401E-02  
       FSW    33  1.00000000E+00   6.95700000E+08   4.50000000E+00   1.67500000E+02   1.48812217E+11  -6.43054239E-03  -9.66710973E-02  
       FSW    34  1.00000000E+00   6.95700000E+08   6.50000000E+00   1.66500000E+02   1.48816176E+11   3.10004747E-03  -1.00659023E-01  
       FSW    35  1.00000000E+00   6.95700000E+08   7.50000000E+00   1.66500000E+02   1.48816215E+11   7.76988811E-03  -1.00443511E-01  
       FSW    36  1.00000000E+00   6.95700000E+08   9.50000000E+00   1.65500000E+02   1.48821503E+11   1.72959145E-02  -1.04169947E-01  
       FSW    37  1.00000000E+00   6.95700000E+08   1.05000000E+01   1.64500000E+02   1.48826914E+11   2.21557834E-02  -1.08053893E-01  
       FSW    38  1.00000000E+00   6.95700000E+08   1.15000000E+01   1.62500000E+02   1.48837831E+11   2.72324315E-02  -1.15966874E-01  
