#ObserverName coordinate is given in the HelioGraphic Carrington coordinate system HGC (R,CRLT,CRLN).
#ObserverName is the center of Helioprojective coordinate system HPC (DIST,HPLT,HPLN).
#CROTA2=0. Sun North is up.
#List of points is given using spherical (r,lat,lon) representation in the HGC and HPC coordinate systems.
#A probability density is given for each point.
#FSS stands for Fast Solar Wind.
#SSW stands for Slow Solar Wind.
#M stands for Measured Solar Wind Speed 
#Data is formatted as follow:
#nVersion
#Rsun(m)
#ObserverTime
#ObserverName R_OBS(m) CRLT_OBS(degrees) CRLN_OBS(degrees)
#npoint_tot npoint_ssw npoint_fsw npoint_m
#SSW/FSW/M     i       density(%)             R(m)    CRLT(degrees)    CRLN(degrees)          DIST(m)    HPLT(degrees)    HPLN(degrees) 
 1
6.95700000E+08
2026-10-08 06:00:00
PSP  1.05230554E+11  3.47301221E+00  1.43007572E+02 
51 10 41 0
       SSW     0  5.20000000E+01   6.95700000E+08  -1.25000000E+01   1.89500000E+02   1.48842728E+11  -8.61464792E-02  -4.14362767E-02  
       SSW     1  3.00000000E+01   6.95700000E+08  -1.25000000E+01   1.90500000E+02   1.48840954E+11  -8.62231046E-02  -3.69250328E-02  
       SSW     2  1.00000000E+01   6.95700000E+08  -1.15000000E+01   1.89500000E+02   1.48838921E+11  -8.17107943E-02  -4.15913461E-02  
       SSW     3  2.00000000E+00   6.95700000E+08  -1.35000000E+01   1.90500000E+02   1.48844967E+11  -9.06319440E-02  -3.67755550E-02  
       SSW     4  1.00000000E+00   6.95700000E+08  -3.50000000E+00   1.70500000E+02   1.48888795E+11  -4.22981678E-02  -1.25942236E-01  
       SSW     5  1.00000000E+00   6.95700000E+08  -1.50000000E+00   1.70500000E+02   1.48885170E+11  -3.30600743E-02  -1.26137403E-01  
       SSW     6  1.00000000E+00   6.95700000E+08  -1.50000000E+00   1.71500000E+02   1.48879554E+11  -3.33007178E-02  -1.22003189E-01  
       SSW     7  1.00000000E+00   6.95700000E+08  -5.00000000E-01   1.70500000E+02   1.48883636E+11  -2.84249958E-02  -1.26177132E-01  
       SSW     8  1.00000000E+00   6.95700000E+08  -5.00000000E-01   1.71500000E+02   1.48878018E+11  -2.86655402E-02  -1.22041617E-01  
       SSW     9  1.00000000E+00   6.95700000E+08   5.00000000E-01   1.70500000E+02   1.48882288E+11  -2.37811335E-02  -1.26178270E-01  
       FSW     0  9.00000000E+00   6.95700000E+08  -8.50000000E+00   1.65500000E+02   1.48931580E+11  -6.38265516E-02  -1.44628696E-01  
       FSW     1  6.00000000E+00   6.95700000E+08  -2.50000000E+00   1.67500000E+02   1.48904835E+11  -3.69154148E-02  -1.38215805E-01  
       FSW     2  6.00000000E+00   6.95700000E+08  -5.00000000E-01   1.66500000E+02   1.48907949E+11  -2.73839255E-02  -1.42317593E-01  
       FSW     3  5.00000000E+00   6.95700000E+08  -8.50000000E+00   1.66500000E+02   1.48925122E+11  -6.41046364E-02  -1.40743555E-01  
       FSW     4  5.00000000E+00   6.95700000E+08  -7.50000000E+00   1.65500000E+02   1.48928834E+11  -5.92904343E-02  -1.44986563E-01  
       FSW     5  5.00000000E+00   6.95700000E+08  -3.50000000E+00   1.66500000E+02   1.48913063E+11  -4.12567745E-02  -1.42052693E-01  
       FSW     6  5.00000000E+00   6.95700000E+08  -2.50000000E+00   1.66500000E+02   1.48911180E+11  -3.66433332E-02  -1.42184480E-01  
       FSW     7  4.00000000E+00   6.95700000E+08  -9.50000000E+00   1.66500000E+02   1.48928058E+11  -6.86204884E-02  -1.40352265E-01  
       FSW     8  4.00000000E+00   6.95700000E+08  -7.50000000E+00   1.66500000E+02   1.48922360E+11  -5.95690100E-02  -1.41091823E-01  
       FSW     9  4.00000000E+00   6.95700000E+08   4.50000000E+00   1.66500000E+02   1.48903007E+11  -4.11237009E-03  -1.41888970E-01  
       FSW    10  3.00000000E+00   6.95700000E+08  -1.15000000E+01   1.65500000E+02   1.48940845E+11  -7.73112253E-02  -1.43290376E-01  
       FSW    11  3.00000000E+00   6.95700000E+08  -1.05000000E+01   1.64500000E+02   1.48944180E+11  -7.25540095E-02  -1.47598561E-01  
       FSW    12  3.00000000E+00   6.95700000E+08  -9.50000000E+00   1.65500000E+02   1.48934498E+11  -6.83429815E-02  -1.44226623E-01  
       FSW    13  3.00000000E+00   6.95700000E+08  -1.50000000E+00   1.67500000E+02   1.48903126E+11  -3.22906287E-02  -1.38301654E-01  
       FSW    14  3.00000000E+00   6.95700000E+08   3.50000000E+00   1.66500000E+02   1.48903636E+11  -8.77500927E-03  -1.42061651E-01  
       FSW    15  3.00000000E+00   6.95700000E+08   5.50000000E+00   1.67500000E+02   1.48896237E+11   2.82037120E-04  -1.37718480E-01  
       FSW    16  2.00000000E+00   6.95700000E+08  -1.05000000E+01   1.65500000E+02   1.48937586E+11  -7.28383339E-02  -1.43780470E-01  
       FSW    17  2.00000000E+00   6.95700000E+08  -6.50000000E+00   1.65500000E+02   1.48926260E+11  -5.47360259E-02  -1.45300109E-01  
       FSW    18  2.00000000E+00   6.95700000E+08  -3.50000000E+00   1.65500000E+02   1.48919581E+11  -4.09771030E-02  -1.45973914E-01  
       FSW    19  2.00000000E+00   6.95700000E+08   7.50000000E+00   1.67500000E+02   1.48895907E+11   9.60948557E-03  -1.37172096E-01  
       FSW    20  1.00000000E+00   6.95700000E+08  -1.15000000E+01   1.62500000E+02   1.48961070E+11  -7.64385372E-02  -1.54568583E-01  
       FSW    21  1.00000000E+00   6.95700000E+08  -1.15000000E+01   1.64500000E+02   1.48947416E+11  -7.70276727E-02  -1.47095476E-01  
       FSW    22  1.00000000E+00   6.95700000E+08  -6.50000000E+00   1.64500000E+02   1.48932924E+11  -5.44495062E-02  -1.49158485E-01  
       FSW    23  1.00000000E+00   6.95700000E+08  -5.50000000E+00   1.62500000E+02   1.48944407E+11  -4.92819071E-02  -1.57026471E-01  
       FSW    24  1.00000000E+00   6.95700000E+08  -3.50000000E+00   1.67500000E+02   1.48906723E+11  -4.15288003E-02  -1.38087692E-01  
       FSW    25  1.00000000E+00   6.95700000E+08  -2.50000000E+00   1.65500000E+02   1.48917704E+11  -3.63636044E-02  -1.46109332E-01  
       FSW    26  1.00000000E+00   6.95700000E+08  -1.50000000E+00   1.66500000E+02   1.48909476E+11  -3.20185752E-02  -1.42272790E-01  
       FSW    27  1.00000000E+00   6.95700000E+08  -5.00000000E-01   1.64500000E+02   1.48921186E+11  -2.68172001E-02  -1.50129567E-01  
       FSW    28  1.00000000E+00   6.95700000E+08  -5.00000000E-01   1.68500000E+02   1.48895427E+11  -2.79200803E-02  -1.34330180E-01  
       FSW    29  1.00000000E+00   6.95700000E+08   5.00000000E-01   1.66500000E+02   1.48906602E+11  -2.27408121E-02  -1.42318876E-01  
       FSW    30  1.00000000E+00   6.95700000E+08   1.50000000E+00   1.65500000E+02   1.48911962E+11  -1.78115690E-02  -1.46204029E-01  
       FSW    31  1.00000000E+00   6.95700000E+08   2.50000000E+00   1.65500000E+02   1.48910969E+11  -1.31561953E-02  -1.46115916E-01  
       FSW    32  1.00000000E+00   6.95700000E+08   2.50000000E+00   1.66500000E+02   1.48904445E+11  -1.34349199E-02  -1.42190886E-01  
       FSW    33  1.00000000E+00   6.95700000E+08   4.50000000E+00   1.65500000E+02   1.48909518E+11  -3.83464483E-03  -1.45805679E-01  
       FSW    34  1.00000000E+00   6.95700000E+08   4.50000000E+00   1.67500000E+02   1.48896675E+11  -4.38250283E-03  -1.37928532E-01  
       FSW    35  1.00000000E+00   6.95700000E+08   5.50000000E+00   1.65500000E+02   1.48909060E+11   8.28659178E-04  -1.45583650E-01  
       FSW    36  1.00000000E+00   6.95700000E+08   5.50000000E+00   1.66500000E+02   1.48902559E+11   5.51560436E-04  -1.41672896E-01  
       FSW    37  1.00000000E+00   6.95700000E+08   6.50000000E+00   1.67500000E+02   1.48895980E+11   4.94651258E-03  -1.37466309E-01  
       FSW    38  1.00000000E+00   6.95700000E+08   6.50000000E+00   1.68500000E+02   1.48889849E+11   4.68532032E-03  -1.33476752E-01  
       FSW    39  1.00000000E+00   6.95700000E+08   9.50000000E+00   1.64500000E+02   1.48915629E+11   1.97463588E-02  -1.48081783E-01  
       FSW    40  1.00000000E+00   6.95700000E+08   1.15000000E+01   1.67500000E+02   1.48897438E+11   2.82176193E-02  -1.35576834E-01  
