#ObserverName coordinate is given in the HelioGraphic Carrington coordinate system HGC (R,CRLT,CRLN).
#ObserverName is the center of Helioprojective coordinate system HPC (DIST,HPLT,HPLN).
#CROTA2=0. Sun North is up.
#List of points is given using spherical (r,lat,lon) representation in the HGC and HPC coordinate systems.
#A probability density is given for each point.
#FSS stands for Fast Solar Wind.
#SSW stands for Slow Solar Wind.
#M stands for Measured Solar Wind Speed 
#Data is formatted as follow:
#nVersion
#Rsun(m)
#ObserverTime
#ObserverName R_OBS(m) CRLT_OBS(degrees) CRLN_OBS(degrees)
#npoint_tot npoint_ssw npoint_fsw npoint_m
#SSW/FSW/M     i       density(%)             R(m)    CRLT(degrees)    CRLN(degrees)          DIST(m)    HPLT(degrees)    HPLN(degrees) 
 1
6.95700000E+08
2026-10-09 12:00:00
PSP  1.06158612E+11  3.49408245E+00  1.26002794E+02 
67 35 32 0
       SSW     0  2.40000000E+01   6.95700000E+08  -1.25000000E+01   1.89500000E+02   1.48786429E+11  -8.59669708E-02   3.35606255E-02  
       SSW     1  7.00000000E+00   6.95700000E+08  -3.50000000E+00   1.70500000E+02   1.48768023E+11  -4.48671418E-02  -5.39038297E-02  
       SSW     2  7.00000000E+00   6.95700000E+08  -2.50000000E+00   1.70500000E+02   1.48766072E+11  -4.02518410E-02  -5.39538633E-02  
       SSW     3  6.00000000E+00   6.95700000E+08   3.50000000E+00   1.70500000E+02   1.48758705E+11  -1.23490861E-02  -5.39071912E-02  
       SSW     4  5.00000000E+00   6.95700000E+08  -7.50000000E+00   1.68500000E+02   1.48783133E+11  -6.29520201E-02  -6.25842477E-02  
       SSW     5  4.00000000E+00   6.95700000E+08   4.50000000E+00   1.69500000E+02   1.48760744E+11  -7.56976777E-03  -5.83988078E-02  
       SSW     6  3.00000000E+00   6.95700000E+08  -8.50000000E+00   1.68500000E+02   1.48786091E+11  -6.74842852E-02  -6.24296831E-02  
       SSW     7  3.00000000E+00   6.95700000E+08  -4.50000000E+00   1.69500000E+02   1.48772720E+11  -4.93607793E-02  -5.83941279E-02  
       SSW     8  3.00000000E+00   6.95700000E+08  -1.50000000E+00   1.70500000E+02   1.48764326E+11  -3.56241087E-02  -5.39873888E-02  
       SSW     9  3.00000000E+00   6.95700000E+08   4.50000000E+00   1.70500000E+02   1.48758204E+11  -7.67687053E-03  -5.38416188E-02  
       SSW    10  2.00000000E+00   6.95700000E+08  -1.15000000E+01   1.89500000E+02   1.48782626E+11  -8.15281036E-02   3.36862208E-02  
       SSW    11  2.00000000E+00   6.95700000E+08  -4.50000000E+00   1.70500000E+02   1.48770181E+11  -4.94685868E-02  -5.38373040E-02  
       SSW    12  2.00000000E+00   6.95700000E+08  -2.50000000E+00   1.69500000E+02   1.48768617E+11  -4.01439578E-02  -5.85205507E-02  
       SSW    13  2.00000000E+00   6.95700000E+08  -1.50000000E+00   1.68500000E+02   1.48769625E+11  -3.53996265E-02  -6.31083572E-02  
       SSW    14  2.00000000E+00   6.95700000E+08  -1.50000000E+00   1.69500000E+02   1.48766872E+11  -3.55162377E-02  -5.85569131E-02  
       SSW    15  2.00000000E+00   6.95700000E+08   5.00000000E-01   1.69500000E+02   1.48764002E+11  -2.62293203E-02  -5.85758807E-02  
       SSW    16  2.00000000E+00   6.95700000E+08   1.50000000E+00   1.69500000E+02   1.48762877E+11  -2.15729898E-02  -5.85584789E-02  
       SSW    17  2.00000000E+00   6.95700000E+08   1.50000000E+00   1.70500000E+02   1.48760330E+11  -2.16806251E-02  -5.39888323E-02  
       SSW    18  2.00000000E+00   6.95700000E+08   1.50000000E+00   1.71500000E+02   1.48757991E+11  -2.17795057E-02  -4.94025151E-02  
       SSW    19  2.00000000E+00   6.95700000E+08   5.50000000E+00   1.69500000E+02   1.48760448E+11  -2.89542108E-03  -5.83098161E-02  
       SSW    20  1.00000000E+00   6.95700000E+08  -1.65000000E+01   1.87500000E+02   1.48801043E+11  -1.03554013E-01   2.40468003E-02  
       SSW    21  1.00000000E+00   6.95700000E+08  -1.35000000E+01   1.89500000E+02   1.48790431E+11  -9.03793046E-02   3.34247694E-02  
       SSW    22  1.00000000E+00   6.95700000E+08  -1.15000000E+01   1.68500000E+02   1.48796162E+11  -8.09505290E-02  -6.18516536E-02  
       SSW    23  1.00000000E+00   6.95700000E+08  -1.05000000E+01   1.68500000E+02   1.48792607E+11  -7.64849271E-02  -6.20633283E-02  
       SSW    24  1.00000000E+00   6.95700000E+08  -5.50000000E+00   1.68500000E+02   1.48777819E+11  -5.38305891E-02  -6.28359072E-02  
       SSW    25  1.00000000E+00   6.95700000E+08  -5.50000000E+00   1.69500000E+02   1.48775078E+11  -5.39470364E-02  -5.83041079E-02  
       SSW    26  1.00000000E+00   6.95700000E+08  -3.50000000E+00   1.69500000E+02   1.48770566E+11  -4.47592798E-02  -5.84662831E-02  
       SSW    27  1.00000000E+00   6.95700000E+08  -2.50000000E+00   1.71500000E+02   1.48763734E+11  -4.03509494E-02  -4.93705162E-02  
       SSW    28  1.00000000E+00   6.95700000E+08  -5.00000000E-01   1.69500000E+02   1.48765334E+11  -3.08775479E-02  -5.85753585E-02  
       SSW    29  1.00000000E+00   6.95700000E+08  -5.00000000E-01   1.70500000E+02   1.48762787E+11  -3.09853735E-02  -5.40043951E-02  
       SSW    30  1.00000000E+00   6.95700000E+08   5.00000000E-01   1.68500000E+02   1.48766756E+11  -2.61128432E-02  -6.31287986E-02  
       SSW    31  1.00000000E+00   6.95700000E+08   2.50000000E+00   1.70500000E+02   1.48759413E+11  -1.70174848E-02  -5.39562673E-02  
       SSW    32  1.00000000E+00   6.95700000E+08   3.50000000E+00   1.71500000E+02   1.48756369E+11  -1.24476706E-02  -4.93278081E-02  
       SSW    33  1.00000000E+00   6.95700000E+08   5.50000000E+00   1.70500000E+02   1.48757912E+11  -3.00228094E-03  -5.37595702E-02  
       SSW    34  1.00000000E+00   6.95700000E+08   7.50000000E+00   1.70500000E+02   1.48757954E+11   6.34824593E-03  -5.35461508E-02  
       FSW     0  7.00000000E+00   6.95700000E+08  -3.50000000E+00   1.66500000E+02   1.48779426E+11  -4.43834058E-02  -7.20397298E-02  
       FSW     1  7.00000000E+00   6.95700000E+08   3.50000000E+00   1.66500000E+02   1.48770108E+11  -1.18678121E-02  -7.20442219E-02  
       FSW     2  7.00000000E+00   6.95700000E+08   4.50000000E+00   1.66500000E+02   1.48769593E+11  -7.19653967E-03  -7.19565944E-02  
       FSW     3  6.00000000E+00   6.95700000E+08   5.50000000E+00   1.67500000E+02   1.48766135E+11  -2.65576278E-03  -6.73549007E-02  
       FSW     4  5.00000000E+00   6.95700000E+08  -7.50000000E+00   1.66500000E+02   1.48789203E+11  -6.26937553E-02  -7.15522070E-02  
       FSW     5  5.00000000E+00   6.95700000E+08  -2.50000000E+00   1.66500000E+02   1.48777485E+11  -3.97680100E-02  -7.21065921E-02  
       FSW     6  5.00000000E+00   6.95700000E+08   7.50000000E+00   1.67500000E+02   1.48766144E+11   6.69287376E-03  -6.70875240E-02  
       FSW     7  4.00000000E+00   6.95700000E+08  -9.50000000E+00   1.65500000E+02   1.48798609E+11  -7.15969479E-02  -7.56051708E-02  
       FSW     8  4.00000000E+00   6.95700000E+08  -8.50000000E+00   1.65500000E+02   1.48795477E+11  -6.70846875E-02  -7.58160519E-02  
       FSW     9  4.00000000E+00   6.95700000E+08  -5.00000000E-01   1.66500000E+02   1.48774211E+11  -3.05018009E-02  -7.21741199E-02  
       FSW    10  4.00000000E+00   6.95700000E+08   5.00000000E-01   1.66500000E+02   1.48772879E+11  -2.58538472E-02  -7.21747632E-02  
       FSW    11  4.00000000E+00   6.95700000E+08   2.50000000E+00   1.66500000E+02   1.48770827E+11  -1.65354146E-02  -7.21098046E-02  
       FSW    12  4.00000000E+00   6.95700000E+08   6.50000000E+00   1.67500000E+02   1.48766036E+11   2.01886451E-03  -6.72314984E-02  
       FSW    13  4.00000000E+00   6.95700000E+08   1.15000000E+01   1.63500000E+02   1.48782228E+11   2.59242316E-02  -8.38592107E-02  
       FSW    14  3.00000000E+00   6.95700000E+08  -7.50000000E+00   1.65500000E+02   1.48792541E+11  -6.25517195E-02  -7.60037469E-02  
       FSW    15  3.00000000E+00   6.95700000E+08  -6.50000000E+00   1.66500000E+02   1.48786458E+11  -5.81416825E-02  -7.17070282E-02  
       FSW    16  3.00000000E+00   6.95700000E+08   1.50000000E+00   1.66500000E+02   1.48771751E+11  -2.11979061E-02  -7.21533228E-02  
       FSW    17  3.00000000E+00   6.95700000E+08   9.50000000E+00   1.65500000E+02   1.48773419E+11   1.63039365E-02  -7.56179162E-02  
       FSW    18  2.00000000E+00   6.95700000E+08  -8.50000000E+00   1.66500000E+02   1.48792146E+11  -6.72264739E-02  -7.13755014E-02  
       FSW    19  2.00000000E+00   6.95700000E+08  -6.50000000E+00   1.65500000E+02   1.48789804E+11  -5.79994418E-02  -7.61681964E-02  
       FSW    20  2.00000000E+00   6.95700000E+08  -5.50000000E+00   1.66500000E+02   1.48783913E+11  -5.35716594E-02  -7.18399161E-02  
       FSW    21  2.00000000E+00   6.95700000E+08   4.50000000E+00   1.67500000E+02   1.48766439E+11  -7.32956477E-03  -6.74576929E-02  
       FSW    22  1.00000000E+00   6.95700000E+08  -1.25000000E+01   1.64500000E+02   1.48812663E+11  -8.48468228E-02  -7.91940774E-02  
       FSW    23  1.00000000E+00   6.95700000E+08  -4.50000000E+00   1.66500000E+02   1.48781569E+11  -4.89850955E-02  -7.19508283E-02  
       FSW    24  1.00000000E+00   6.95700000E+08  -4.50000000E+00   1.67500000E+02   1.48778415E+11  -4.91189959E-02  -6.74522872E-02  
       FSW    25  1.00000000E+00   6.95700000E+08  -2.50000000E+00   1.67500000E+02   1.48774324E+11  -3.99020044E-02  -6.75983153E-02  
       FSW    26  1.00000000E+00   6.95700000E+08  -1.50000000E+00   1.66500000E+02   1.48775746E+11  -3.51403323E-02  -7.21513936E-02  
       FSW    27  1.00000000E+00   6.95700000E+08   3.50000000E+00   1.67500000E+02   1.48766950E+11  -1.20010984E-02  -6.75398434E-02  
       FSW    28  1.00000000E+00   6.95700000E+08   5.50000000E+00   1.66500000E+02   1.48769284E+11  -2.52303932E-03  -7.18469491E-02  
       FSW    29  1.00000000E+00   6.95700000E+08   8.50000000E+00   1.66500000E+02   1.48769587E+11   1.14963994E-02  -7.13862773E-02  
       FSW    30  1.00000000E+00   6.95700000E+08   1.05000000E+01   1.65500000E+02   1.48774124E+11   2.09664017E-02  -7.53851991E-02  
       FSW    31  1.00000000E+00   6.95700000E+08   1.35000000E+01   1.62500000E+02   1.48788463E+11   3.53700976E-02  -8.75047185E-02  
