#ObserverName coordinate is given in the HelioGraphic Carrington coordinate system HGC (R,CRLT,CRLN).
#ObserverName is the center of Helioprojective coordinate system HPC (DIST,HPLT,HPLN).
#CROTA2=0. Sun North is up.
#List of points is given using spherical (r,lat,lon) representation in the HGC and HPC coordinate systems.
#A probability density is given for each point.
#FSS stands for Fast Solar Wind.
#SSW stands for Slow Solar Wind.
#M stands for Measured Solar Wind Speed 
#Data is formatted as follow:
#nVersion
#Rsun(m)
#ObserverTime
#ObserverName R_OBS(m) CRLT_OBS(degrees) CRLN_OBS(degrees)
#npoint_tot npoint_ssw npoint_fsw npoint_m
#SSW/FSW/M     i       density(%)             R(m)    CRLT(degrees)    CRLN(degrees)          DIST(m)    HPLT(degrees)    HPLN(degrees) 
 1
6.95700000E+08
2026-10-10 00:00:00
PSP  1.06495942E+11  3.50225771E+00  1.19197488E+02 
75 42 33 0
       SSW     0  8.00000000E+00   6.95700000E+08   4.50000000E+00   1.69500000E+02   1.48726526E+11  -7.96846055E-03  -2.80758976E-02  
       SSW     1  7.00000000E+00   6.95700000E+08  -3.50000000E+00   1.69500000E+02   1.48736279E+11  -4.51692619E-02  -2.81083498E-02  
       SSW     2  5.00000000E+00   6.95700000E+08  -9.50000000E+00   1.68500000E+02   1.48753723E+11  -7.24668769E-02  -3.23541449E-02  
       SSW     3  5.00000000E+00   6.95700000E+08   1.50000000E+00   1.70500000E+02   1.48727434E+11  -2.20259978E-02  -2.34986466E-02  
       SSW     4  5.00000000E+00   6.95700000E+08   5.50000000E+00   1.69500000E+02   1.48726256E+11  -3.29215023E-03  -2.80331089E-02  
       SSW     5  4.00000000E+00   6.95700000E+08  -1.25000000E+01   1.89500000E+02   1.48779464E+11  -8.52263554E-02   6.31382442E-02  
       SSW     6  4.00000000E+00   6.95700000E+08  -3.50000000E+00   1.70500000E+02   1.48735112E+11  -4.52185186E-02  -2.34616514E-02  
       SSW     7  4.00000000E+00   6.95700000E+08  -2.50000000E+00   1.70500000E+02   1.48733157E+11  -4.06022324E-02  -2.34834292E-02  
       SSW     8  3.00000000E+00   6.95700000E+08  -1.15000000E+01   1.68500000E+02   1.48760714E+11  -8.14214052E-02  -3.21439778E-02  
       SSW     9  3.00000000E+00   6.95700000E+08  -7.50000000E+00   1.67500000E+02   1.48749120E+11  -6.33561535E-02  -3.71213188E-02  
       SSW    10  3.00000000E+00   6.95700000E+08  -5.50000000E+00   1.68500000E+02   1.48742187E+11  -5.43005358E-02  -3.26555303E-02  
       SSW    11  3.00000000E+00   6.95700000E+08  -4.50000000E+00   1.68500000E+02   1.48739818E+11  -4.97135127E-02  -3.27059521E-02  
       SSW    12  3.00000000E+00   6.95700000E+08  -2.50000000E+00   1.69500000E+02   1.48734324E+11  -4.05529662E-02  -2.81344407E-02  
       SSW    13  3.00000000E+00   6.95700000E+08   1.50000000E+00   1.69500000E+02   1.48728603E+11  -2.19768456E-02  -2.81526718E-02  
       SSW    14  3.00000000E+00   6.95700000E+08   7.50000000E+00   1.69500000E+02   1.48726352E+11   6.06207904E-03  -2.79218103E-02  
       SSW    15  2.00000000E+00   6.95700000E+08  -1.05000000E+01   1.68500000E+02   1.48757118E+11  -7.69560191E-02  -3.22539931E-02  
       SSW    16  2.00000000E+00   6.95700000E+08  -8.50000000E+00   1.67500000E+02   1.48752103E+11  -6.78887650E-02  -3.70296339E-02  
       SSW    17  2.00000000E+00   6.95700000E+08  -8.50000000E+00   1.68500000E+02   1.48750532E+11  -6.79553628E-02  -3.24444014E-02  
       SSW    18  2.00000000E+00   6.95700000E+08  -4.50000000E+00   1.69500000E+02   1.48738442E+11  -4.97716080E-02  -2.80736585E-02  
       SSW    19  2.00000000E+00   6.95700000E+08  -3.50000000E+00   1.68500000E+02   1.48737656E+11  -4.51111375E-02  -3.27463673E-02  
       SSW    20  2.00000000E+00   6.95700000E+08  -5.00000000E-01   1.68500000E+02   1.48732423E+11  -3.12261259E-02  -3.28074598E-02  
       SSW    21  2.00000000E+00   6.95700000E+08   5.00000000E-01   1.70500000E+02   1.48728549E+11  -2.66838547E-02  -2.35056314E-02  
       SSW    22  2.00000000E+00   6.95700000E+08   3.50000000E+00   1.69500000E+02   1.48727007E+11  -1.26423087E-02  -2.81100942E-02  
       SSW    23  2.00000000E+00   6.95700000E+08   3.50000000E+00   1.70500000E+02   1.48725840E+11  -1.26913134E-02  -2.34631074E-02  
       SSW    24  2.00000000E+00   6.95700000E+08   4.50000000E+00   1.68500000E+02   1.48727901E+11  -7.91074714E-03  -3.27085607E-02  
       SSW    25  1.00000000E+00   6.95700000E+08  -1.55000000E+01   1.88500000E+02   1.48789136E+11  -9.85054944E-02   5.79333863E-02  
       SSW    26  1.00000000E+00   6.95700000E+08  -1.25000000E+01   1.67500000E+02   1.48766064E+11  -8.57957369E-02  -3.65499762E-02  
       SSW    27  1.00000000E+00   6.95700000E+08  -1.05000000E+01   1.66500000E+02   1.48760449E+11  -7.68146764E-02  -4.13592773E-02  
       SSW    28  1.00000000E+00   6.95700000E+08  -9.50000000E+00   1.66500000E+02   1.48757064E+11  -7.23251961E-02  -4.14876989E-02  
       SSW    29  1.00000000E+00   6.95700000E+08  -6.50000000E+00   1.67500000E+02   1.48746342E+11  -5.88039803E-02  -3.72016487E-02  
       SSW    30  1.00000000E+00   6.95700000E+08  -2.50000000E+00   1.68500000E+02   1.48735702E+11  -4.04948305E-02  -3.27767630E-02  
       SSW    31  1.00000000E+00   6.95700000E+08  -1.50000000E+00   1.68500000E+02   1.48733958E+11  -3.58660170E-02  -3.27971294E-02  
       SSW    32  1.00000000E+00   6.95700000E+08  -1.50000000E+00   1.69500000E+02   1.48732579E+11  -3.59241459E-02  -2.81519227E-02  
       SSW    33  1.00000000E+00   6.95700000E+08  -1.50000000E+00   1.70500000E+02   1.48731410E+11  -3.59734063E-02  -2.34980213E-02  
       SSW    34  1.00000000E+00   6.95700000E+08  -5.00000000E-01   1.69500000E+02   1.48731043E+11  -3.12842300E-02  -2.81607900E-02  
       SSW    35  1.00000000E+00   6.95700000E+08   5.00000000E-01   1.68500000E+02   1.48731097E+11  -2.65765898E-02  -3.28077509E-02  
       SSW    36  1.00000000E+00   6.95700000E+08   5.00000000E-01   1.69500000E+02   1.48729718E+11  -2.66346513E-02  -2.81610399E-02  
       SSW    37  1.00000000E+00   6.95700000E+08   2.50000000E+00   1.70500000E+02   1.48726531E+11  -1.73613371E-02  -2.34844705E-02  
       SSW    38  1.00000000E+00   6.95700000E+08   4.50000000E+00   1.70500000E+02   1.48725360E+11  -8.01736894E-03  -2.34345638E-02  
       SSW    39  1.00000000E+00   6.95700000E+08   5.50000000E+00   1.68500000E+02   1.48727629E+11  -3.23456794E-03  -3.26587120E-02  
       SSW    40  1.00000000E+00   6.95700000E+08   6.50000000E+00   1.68500000E+02   1.48727569E+11   1.44261154E-03  -3.25988689E-02  
       SSW    41  1.00000000E+00   6.95700000E+08   9.50000000E+00   1.68500000E+02   1.48728656E+11   1.54657067E-02  -3.23595732E-02  
       FSW     0  1.40000000E+01   6.95700000E+08   4.50000000E+00   1.66500000E+02   1.48731279E+11  -7.76898027E-03  -4.19421558E-02  
       FSW     1  9.00000000E+00   6.95700000E+08   3.50000000E+00   1.66500000E+02   1.48731766E+11  -1.24424359E-02  -4.19932399E-02  
       FSW     2  6.00000000E+00   6.95700000E+08   5.50000000E+00   1.67500000E+02   1.48729211E+11  -3.16821866E-03  -3.72742295E-02  
       FSW     3  5.00000000E+00   6.95700000E+08  -7.50000000E+00   1.65500000E+02   1.48752894E+11  -6.31963647E-02  -4.62786842E-02  
       FSW     4  5.00000000E+00   6.95700000E+08   6.50000000E+00   1.67500000E+02   1.48729148E+11   1.50878958E-03  -3.72059298E-02  
       FSW     5  5.00000000E+00   6.95700000E+08   9.50000000E+00   1.65500000E+02   1.48733978E+11   1.56882373E-02  -4.60436889E-02  
       FSW     6  5.00000000E+00   6.95700000E+08   1.05000000E+01   1.64500000E+02   1.48736926E+11   2.04451670E-02  -5.04228261E-02  
       FSW     7  4.00000000E+00   6.95700000E+08  -3.50000000E+00   1.66500000E+02   1.48741038E+11  -4.49683609E-02  -4.19906341E-02  
       FSW     8  4.00000000E+00   6.95700000E+08  -2.50000000E+00   1.66500000E+02   1.48739088E+11  -4.03520265E-02  -4.20296095E-02  
       FSW     9  4.00000000E+00   6.95700000E+08  -1.50000000E+00   1.66500000E+02   1.48737345E+11  -3.57232296E-02  -4.20557247E-02  
       FSW    10  4.00000000E+00   6.95700000E+08   7.50000000E+00   1.67500000E+02   1.48729296E+11   6.18533344E-03  -3.71262443E-02  
       FSW    11  4.00000000E+00   6.95700000E+08   8.50000000E+00   1.67500000E+02   1.48729654E+11   1.08599686E-02  -3.70351978E-02  
       FSW    12  3.00000000E+00   6.95700000E+08   5.50000000E+00   1.66500000E+02   1.48731002E+11  -3.09312316E-03  -4.18782364E-02  
       FSW    13  3.00000000E+00   6.95700000E+08   1.35000000E+01   1.62500000E+02   1.48745374E+11   3.46030420E-02  -5.87573227E-02  
       FSW    14  2.00000000E+00   6.95700000E+08  -8.50000000E+00   1.65500000E+02   1.48755868E+11  -6.77292562E-02  -4.61643846E-02  
       FSW    15  2.00000000E+00   6.95700000E+08  -4.50000000E+00   1.66500000E+02   1.48743195E+11  -4.95708079E-02  -4.19388109E-02  
       FSW    16  2.00000000E+00   6.95700000E+08   5.00000000E-01   1.66500000E+02   1.48734485E+11  -2.64339678E-02  -4.20693444E-02  
       FSW    17  2.00000000E+00   6.95700000E+08   2.50000000E+00   1.66500000E+02   1.48732462E+11  -1.71120469E-02  -4.20314731E-02  
       FSW    18  2.00000000E+00   6.95700000E+08   1.15000000E+01   1.63500000E+02   1.48740271E+11   2.52035538E-02  -5.47417280E-02  
       FSW    19  2.00000000E+00   6.95700000E+08   1.25000000E+01   1.62500000E+02   1.48744008E+11   2.99617332E-02  -5.89951032E-02  
       FSW    20  1.00000000E+00   6.95700000E+08  -1.35000000E+01   1.64500000E+02   1.48775910E+11  -8.99607394E-02  -4.98516189E-02  
       FSW    21  1.00000000E+00   6.95700000E+08  -1.15000000E+01   1.64500000E+02   1.48768173E+11  -8.11047160E-02  -5.02415404E-02  
       FSW    22  1.00000000E+00   6.95700000E+08  -1.15000000E+01   1.65500000E+02   1.48766001E+11  -8.11969139E-02  -4.57369341E-02  
       FSW    23  1.00000000E+00   6.95700000E+08  -1.05000000E+01   1.64500000E+02   1.48764601E+11  -7.66384706E-02  -5.04134874E-02  
       FSW    24  1.00000000E+00   6.95700000E+08  -9.50000000E+00   1.65500000E+02   1.48759045E+11  -7.22412380E-02  -4.60359653E-02  
       FSW    25  1.00000000E+00   6.95700000E+08  -6.50000000E+00   1.65500000E+02   1.48750124E+11  -5.86439614E-02  -4.63788280E-02  
       FSW    26  1.00000000E+00   6.95700000E+08  -5.50000000E+00   1.65500000E+02   1.48747558E+11  -5.40734508E-02  -4.64647842E-02  
       FSW    27  1.00000000E+00   6.95700000E+08  -5.00000000E-01   1.66500000E+02   1.48735811E+11  -3.10833992E-02  -4.20689712E-02  
       FSW    28  1.00000000E+00   6.95700000E+08   1.50000000E+00   1.66500000E+02   1.48733369E+11  -2.17763709E-02  -4.20568438E-02  
       FSW    29  1.00000000E+00   6.95700000E+08   8.50000000E+00   1.66500000E+02   1.48731434E+11   1.09344147E-02  -4.16096833E-02  
       FSW    30  1.00000000E+00   6.95700000E+08   9.50000000E+00   1.66500000E+02   1.48731998E+11   1.56054358E-02  -4.14946596E-02  
       FSW    31  1.00000000E+00   6.95700000E+08   1.15000000E+01   1.64500000E+02   1.48737895E+11   2.51043935E-02  -5.02517221E-02  
       FSW    32  1.00000000E+00   6.95700000E+08   1.45000000E+01   1.62500000E+02   1.48746946E+11   3.92336711E-02  -5.85015681E-02  
