#ObserverName coordinate is given in the HelioGraphic Carrington coordinate system HGC (R,CRLT,CRLN).
#ObserverName is the center of Helioprojective coordinate system HPC (DIST,HPLT,HPLN).
#CROTA2=0. Sun North is up.
#List of points is given using spherical (r,lat,lon) representation in the HGC and HPC coordinate systems.
#A probability density is given for each point.
#FSS stands for Fast Solar Wind.
#SSW stands for Slow Solar Wind.
#M stands for Measured Solar Wind Speed 
#Data is formatted as follow:
#nVersion
#Rsun(m)
#ObserverTime
#ObserverName R_OBS(m) CRLT_OBS(degrees) CRLN_OBS(degrees)
#npoint_tot npoint_ssw npoint_fsw npoint_m
#SSW/FSW/M     i       density(%)             R(m)    CRLT(degrees)    CRLN(degrees)          DIST(m)    HPLT(degrees)    HPLN(degrees) 
 1
6.95700000E+08
2026-10-08 06:00:00
STA  1.44606173E+11 -1.28890227E+00  2.68943986E+02 
48 13 35 0
       SSW     0  4.50000000E+01   6.95700000E+08   2.05000000E+01   3.39500000E+02   1.49968786E+11   1.13865158E-01   1.57077710E-01  
       SSW     1  1.70000000E+01   6.95700000E+08  -7.50000000E+00   1.65000000E+01   1.50187482E+11  -5.36070496E-03   9.72869715E-03  
       SSW     2  1.30000000E+01   6.95700000E+08   1.95000000E+01   3.38500000E+02   1.49966004E+11   1.09362570E-01   1.61450144E-01  
       SSW     3  1.00000000E+01   6.95700000E+08   2.05000000E+01   3.38500000E+02   1.49961601E+11   1.13564290E-01   1.60432488E-01  
       SSW     4  3.00000000E+00   6.95700000E+08  -5.35000000E+01   3.42500000E+02   1.49887541E+11  -1.98339451E-01   9.32449338E-02  
       SSW     5  3.00000000E+00   6.95700000E+08   1.95000000E+01   3.39500000E+02   1.49973235E+11   1.09665548E-01   1.58074038E-01  
       SSW     6  2.00000000E+00   6.95700000E+08  -5.35000000E+01   3.39500000E+02   1.49874432E+11  -1.98915693E-01   9.98135023E-02  
       SSW     7  2.00000000E+00   6.95700000E+08  -5.35000000E+01   3.44500000E+02   1.49895777E+11  -1.97977430E-01   8.87237065E-02  
       SSW     8  1.00000000E+00   6.95700000E+08  -5.45000000E+01   3.45500000E+02   1.49892373E+11  -2.00871976E-01   8.43751596E-02  
       SSW     9  1.00000000E+00   6.95700000E+08  -5.45000000E+01   3.48500000E+02   1.49903364E+11  -2.00388711E-01   7.74847955E-02  
       SSW    10  1.00000000E+00   6.95700000E+08  -6.50000000E+00   1.65000000E+01   1.50187619E+11  -7.28896351E-04   9.74955967E-03  
       SSW    11  1.00000000E+00   6.95700000E+08  -6.50000000E+00   1.75000000E+01   1.50187956E+11  -7.14521425E-04   5.14901379E-03  
       SSW    12  1.00000000E+00   6.95700000E+08   2.05000000E+01   3.40500000E+02   1.49975818E+11   1.14159608E-01   1.53675566E-01  
       FSW     0  1.40000000E+01   6.95700000E+08  -6.50000000E+00   2.92500000E+02   1.49549204E+11  -2.80064937E-02   2.64219119E-01  
       FSW     1  1.20000000E+01   6.95700000E+08  -7.50000000E+00   2.92500000E+02   1.49550436E+11  -3.25994143E-02   2.63651325E-01  
       FSW     2  7.00000000E+00   6.95700000E+08  -6.50000000E+00   2.91500000E+02   1.49537239E+11  -2.85188444E-02   2.64512885E-01  
       FSW     3  6.00000000E+00   6.95700000E+08  -6.50000000E+00   2.93500000E+02   1.49561154E+11  -2.74948314E-02   2.63844949E-01  
       FSW     4  6.00000000E+00   6.95700000E+08  -5.50000000E+00   2.93500000E+02   1.49559927E+11  -2.28927315E-02   2.64331569E-01  
       FSW     5  5.00000000E+00   6.95700000E+08   4.50000000E+00   2.87500000E+02   1.49474513E+11   2.02207459E-02   2.65800267E-01  
       FSW     6  4.00000000E+00   6.95700000E+08  -6.50000000E+00   2.90500000E+02   1.49525262E+11  -2.90317275E-02   2.64726138E-01  
       FSW     7  4.00000000E+00   6.95700000E+08   4.50000000E+00   2.88500000E+02   1.49486544E+11   2.07319823E-02   2.65828986E-01  
       FSW     8  4.00000000E+00   6.95700000E+08   5.50000000E+00   2.87500000E+02   1.49473196E+11   2.48299572E-02   2.65397042E-01  
       FSW     9  3.00000000E+00   6.95700000E+08  -7.50000000E+00   2.91500000E+02   1.49538497E+11  -3.31110306E-02   2.63944414E-01  
       FSW    10  3.00000000E+00   6.95700000E+08   4.50000000E+00   2.89500000E+02   1.49498574E+11   2.12431550E-02   2.65776733E-01  
       FSW    11  3.00000000E+00   6.95700000E+08   5.50000000E+00   2.86500000E+02   1.49461187E+11   2.43199588E-02   2.65287475E-01  
       FSW    12  2.00000000E+00   6.95700000E+08  -7.50000000E+00   2.93500000E+02   1.49562361E+11  -3.20884853E-02   2.63278004E-01  
       FSW    13  2.00000000E+00   6.95700000E+08  -4.50000000E+00   2.97500000E+02   1.49606417E+11  -1.62429740E-02   2.62431964E-01  
       FSW    14  2.00000000E+00   6.95700000E+08  -2.50000000E+00   2.95500000E+02   1.49580099E+11  -8.02642238E-03   2.64313395E-01  
       FSW    15  2.00000000E+00   6.95700000E+08  -5.00000000E-01   2.85500000E+02   1.49457057E+11  -3.91718918E-03   2.66298978E-01  
       FSW    16  2.00000000E+00   6.95700000E+08   1.50000000E+00   2.85500000E+02   1.49454384E+11   5.33520851E-03   2.66222623E-01  
       FSW    17  2.00000000E+00   6.95700000E+08   4.50000000E+00   2.86500000E+02   1.49462485E+11   1.97096016E-02   2.65690566E-01  
       FSW    18  1.00000000E+00   6.95700000E+08  -1.05000000E+01   2.91500000E+02   1.49542188E+11  -4.68210591E-02   2.61757636E-01  
       FSW    19  1.00000000E+00   6.95700000E+08  -1.05000000E+01   2.92500000E+02   1.49554028E+11  -4.63125959E-02   2.61467148E-01  
       FSW    20  1.00000000E+00   6.95700000E+08  -8.50000000E+00   2.92500000E+02   1.49551651E+11  -3.71823337E-02   2.63003262E-01  
       FSW    21  1.00000000E+00   6.95700000E+08  -8.50000000E+00   2.93500000E+02   1.49563546E+11  -3.66722960E-02   2.62630910E-01  
       FSW    22  1.00000000E+00   6.95700000E+08  -6.50000000E+00   2.94500000E+02   1.49573085E+11  -2.69840130E-02   2.63390508E-01  
       FSW    23  1.00000000E+00   6.95700000E+08  -4.50000000E+00   2.95500000E+02   1.49582601E+11  -1.72609673E-02   2.63745231E-01  
       FSW    24  1.00000000E+00   6.95700000E+08  -4.50000000E+00   2.96500000E+02   1.49594524E+11  -1.67513152E-02   2.63128595E-01  
       FSW    25  1.00000000E+00   6.95700000E+08   3.50000000E+00   2.86500000E+02   1.49463794E+11   1.50933200E-02   2.66012703E-01  
       FSW    26  1.00000000E+00   6.95700000E+08   4.50000000E+00   2.90500000E+02   1.49510600E+11   2.17541084E-02   2.65643543E-01  
       FSW    27  1.00000000E+00   6.95700000E+08   5.50000000E+00   2.88500000E+02   1.49485209E+11   2.53400477E-02   2.65425750E-01  
       FSW    28  1.00000000E+00   6.95700000E+08   6.50000000E+00   2.86500000E+02   1.49459898E+11   2.89229861E-02   2.64803551E-01  
       FSW    29  1.00000000E+00   6.95700000E+08   6.50000000E+00   2.87500000E+02   1.49471886E+11   2.94316851E-02   2.64912957E-01  
       FSW    30  1.00000000E+00   6.95700000E+08   7.50000000E+00   2.87500000E+02   1.49470582E+11   3.40245271E-02   2.64348157E-01  
       FSW    31  1.00000000E+00   6.95700000E+08   8.50000000E+00   2.85500000E+02   1.49445427E+11   3.75960444E-02   2.63404476E-01  
       FSW    32  1.00000000E+00   6.95700000E+08   8.50000000E+00   2.86500000E+02   1.49457353E+11   3.81014409E-02   2.63593808E-01  
       FSW    33  1.00000000E+00   6.95700000E+08   1.05000000E+01   2.83500000E+02   1.49419316E+11   4.57299112E-02   2.61258324E-01  
       FSW    34  1.00000000E+00   6.95700000E+08   1.05000000E+01   2.84500000E+02   1.49431149E+11   4.62306990E-02   2.61606264E-01  
