#ObserverName coordinate is given in the HelioGraphic Carrington coordinate system HGC (R,CRLT,CRLN).
#ObserverName is the center of Helioprojective coordinate system HPC (DIST,HPLT,HPLN).
#CROTA2=0. Sun North is up.
#List of points is given using spherical (r,lat,lon) representation in the HGC and HPC coordinate systems.
#A probability density is given for each point.
#FSS stands for Fast Solar Wind.
#SSW stands for Slow Solar Wind.
#M stands for Measured Solar Wind Speed 
#Data is formatted as follow:
#nVersion
#Rsun(m)
#ObserverTime
#ObserverName R_OBS(m) CRLT_OBS(degrees) CRLN_OBS(degrees)
#npoint_tot npoint_ssw npoint_fsw npoint_m
#SSW/FSW/M     i       density(%)             R(m)    CRLT(degrees)    CRLN(degrees)          DIST(m)    HPLT(degrees)    HPLN(degrees) 
 1
6.95700000E+08
2026-10-08 18:00:00
BEPI  6.73923260E+10 -2.05814992E+00  1.06789840E+02 
74 39 35 0
       SSW     0  1.20000000E+01   6.95700000E+08  -1.15000000E+01   1.63500000E+02   1.48891608E+11  -7.84097003E-02  -1.25268971E-01  
       SSW     1  7.00000000E+00   6.95700000E+08  -9.50000000E+00   1.65500000E+02   1.48874047E+11  -6.99187885E-02  -1.17922577E-01  
       SSW     2  6.00000000E+00   6.95700000E+08  -1.25000000E+01   1.62500000E+02   1.48900871E+11  -8.26097878E-02  -1.28786006E-01  
       SSW     3  6.00000000E+00   6.95700000E+08  -1.25000000E+01   1.63500000E+02   1.48895132E+11  -8.28564531E-02  -1.24802154E-01  
       SSW     4  6.00000000E+00   6.95700000E+08  -1.05000000E+01   1.64500000E+02   1.48882663E+11  -7.41790300E-02  -1.21646355E-01  
       SSW     5  6.00000000E+00   6.95700000E+08  -8.50000000E+00   1.65500000E+02   1.48871026E+11  -6.54046080E-02  -1.18251402E-01  
       SSW     6  4.00000000E+00   6.95700000E+08  -1.15000000E+01   1.64500000E+02   1.48886030E+11  -7.86493142E-02  -1.21231619E-01  
       SSW     7  4.00000000E+00   6.95700000E+08  -9.50000000E+00   1.64500000E+02   1.48879476E+11  -6.96858637E-02  -1.22023906E-01  
       SSW     8  4.00000000E+00   6.95700000E+08  -1.50000000E+00   1.65500000E+02   1.48855067E+11  -3.33188935E-02  -1.19536504E-01  
       SSW     9  3.00000000E+00   6.95700000E+08  -1.05000000E+01   1.63500000E+02   1.48888260E+11  -7.39387644E-02  -1.25697502E-01  
       SSW    10  3.00000000E+00   6.95700000E+08  -2.50000000E+00   1.65500000E+02   1.48856786E+11  -3.79448126E-02  -1.19462295E-01  
       SSW    11  2.00000000E+00   6.95700000E+08  -1.65000000E+01   1.59500000E+02   1.48934572E+11  -9.93576515E-02  -1.37965410E-01  
       SSW    12  2.00000000E+00   6.95700000E+08  -1.55000000E+01   1.59500000E+02   1.48930468E+11  -9.50167934E-02  -1.38661433E-01  
       SSW    13  2.00000000E+00   6.95700000E+08  -1.55000000E+01   1.60500000E+02   1.48924279E+11  -9.52833539E-02  -1.34850588E-01  
       SSW    14  2.00000000E+00   6.95700000E+08  -1.45000000E+01   1.61500000E+02   1.48914268E+11  -9.11744341E-02  -1.31615789E-01  
       SSW    15  2.00000000E+00   6.95700000E+08  -1.35000000E+01   1.62500000E+02   1.48904549E+11  -8.70318174E-02  -1.28264950E-01  
       SSW    16  2.00000000E+00   6.95700000E+08  -7.50000000E+00   1.65500000E+02   1.48868189E+11  -6.08702463E-02  -1.18544074E-01  
       SSW    17  2.00000000E+00   6.95700000E+08  -5.50000000E+00   1.65500000E+02   1.48863069E+11  -5.17465730E-02  -1.19020598E-01  
       SSW    18  2.00000000E+00   6.95700000E+08  -4.50000000E+00   1.65500000E+02   1.48860788E+11  -4.71600728E-02  -1.19204301E-01  
       SSW    19  2.00000000E+00   6.95700000E+08  -3.50000000E+00   1.65500000E+02   1.48858693E+11  -4.25590132E-02  -1.19351549E-01  
       SSW    20  2.00000000E+00   6.95700000E+08   3.50000000E+00   1.65500000E+02   1.48849309E+11  -1.00635435E-02  -1.19359042E-01  
       SSW    21  2.00000000E+00   6.95700000E+08   5.50000000E+00   1.65500000E+02   1.48848336E+11  -7.29502397E-04  -1.19032331E-01  
       SSW    22  1.00000000E+00   6.95700000E+08  -1.75000000E+01   1.58500000E+02   1.48945135E+11  -1.03396425E-01  -1.40956468E-01  
       SSW    23  1.00000000E+00   6.95700000E+08  -1.65000000E+01   1.58500000E+02   1.48940901E+11  -9.90849071E-02  -1.41714655E-01  
       SSW    24  1.00000000E+00   6.95700000E+08  -1.45000000E+01   1.60500000E+02   1.48920312E+11  -9.09142869E-02  -1.35486318E-01  
       SSW    25  1.00000000E+00   6.95700000E+08  -1.05000000E+01   1.65500000E+02   1.48877250E+11  -7.44113975E-02  -1.17557701E-01  
       SSW    26  1.00000000E+00   6.95700000E+08  -8.50000000E+00   1.64500000E+02   1.48876471E+11  -6.51711987E-02  -1.22364156E-01  
       SSW    27  1.00000000E+00   6.95700000E+08  -5.50000000E+00   1.64500000E+02   1.48868549E+11  -5.15121482E-02  -1.23160075E-01  
       SSW    28  1.00000000E+00   6.95700000E+08  -3.50000000E+00   1.66500000E+02   1.48853387E+11  -4.27856990E-02  -1.15163765E-01  
       SSW    29  1.00000000E+00   6.95700000E+08  -2.50000000E+00   1.66500000E+02   1.48851475E+11  -3.81715442E-02  -1.15270629E-01  
       SSW    30  1.00000000E+00   6.95700000E+08  -1.50000000E+00   1.66500000E+02   1.48849752E+11  -3.35456007E-02  -1.15342237E-01  
       SSW    31  1.00000000E+00   6.95700000E+08  -5.00000000E-01   1.65500000E+02   1.48853537E+11  -2.86826819E-02  -1.19574151E-01  
       SSW    32  1.00000000E+00   6.95700000E+08  -5.00000000E-01   1.66500000E+02   1.48848220E+11  -2.89092950E-02  -1.15378564E-01  
       SSW    33  1.00000000E+00   6.95700000E+08   5.00000000E-01   1.65500000E+02   1.48852196E+11  -2.40376077E-02  -1.19575224E-01  
       SSW    34  1.00000000E+00   6.95700000E+08   1.50000000E+00   1.65500000E+02   1.48851044E+11  -1.93851030E-02  -1.19539722E-01  
       SSW    35  1.00000000E+00   6.95700000E+08   2.50000000E+00   1.65500000E+02   1.48850081E+11  -1.47266027E-02  -1.19467654E-01  
       SSW    36  1.00000000E+00   6.95700000E+08   4.50000000E+00   1.66500000E+02   1.48843427E+11  -5.62246483E-03  -1.15030961E-01  
       SSW    37  1.00000000E+00   6.95700000E+08   8.50000000E+00   1.65500000E+02   1.48848306E+11   1.32697727E-02  -1.18269378E-01  
       SSW    38  1.00000000E+00   6.95700000E+08   9.50000000E+00   1.63500000E+02   1.48859723E+11   1.83972931E-02  -1.26109013E-01  
       FSW     0  9.00000000E+00   6.95700000E+08  -6.50000000E+00   8.35000000E+01   1.49699571E+11  -2.07132545E-02  -2.50855995E-01  
       FSW     1  6.00000000E+00   6.95700000E+08  -7.50000000E+00   8.35000000E+01   1.49700428E+11  -2.53175122E-02  -2.50317545E-01  
       FSW     2  5.00000000E+00   6.95700000E+08  -1.15000000E+01   1.63500000E+02   1.48891608E+11  -7.84097003E-02  -1.25268971E-01  
       FSW     3  5.00000000E+00   6.95700000E+08  -7.50000000E+00   8.25000000E+01   1.49711722E+11  -2.48364082E-02  -2.48797011E-01  
       FSW     4  5.00000000E+00   6.95700000E+08  -2.50000000E+00   8.35000000E+01   1.49695454E+11  -2.24666393E-03  -2.52245592E-01  
       FSW     5  4.00000000E+00   6.95700000E+08  -1.65000000E+01   1.58500000E+02   1.48940901E+11  -9.90849071E-02  -1.41714655E-01  
       FSW     6  4.00000000E+00   6.95700000E+08  -1.05000000E+01   1.63500000E+02   1.48888260E+11  -7.39387644E-02  -1.25697502E-01  
       FSW     7  4.00000000E+00   6.95700000E+08  -8.50000000E+00   8.25000000E+01   1.49712482E+11  -2.94337504E-02  -2.48186214E-01  
       FSW     8  4.00000000E+00   6.95700000E+08  -5.50000000E+00   8.45000000E+01   1.49687238E+11  -1.65878738E-02  -2.52768627E-01  
       FSW     9  3.00000000E+00   6.95700000E+08  -1.55000000E+01   1.59500000E+02   1.48930468E+11  -9.50167934E-02  -1.38661433E-01  
       FSW    10  3.00000000E+00   6.95700000E+08  -1.45000000E+01   1.60500000E+02   1.48920312E+11  -9.09142869E-02  -1.35486318E-01  
       FSW    11  3.00000000E+00   6.95700000E+08  -1.15000000E+01   1.62500000E+02   1.48897367E+11  -7.81622843E-02  -1.29267706E-01  
       FSW    12  3.00000000E+00   6.95700000E+08  -9.50000000E+00   1.64500000E+02   1.48879476E+11  -6.96858637E-02  -1.22023906E-01  
       FSW    13  3.00000000E+00   6.95700000E+08  -5.50000000E+00   8.35000000E+01   1.49698644E+11  -1.61026422E-02  -2.51318155E-01  
       FSW    14  3.00000000E+00   6.95700000E+08  -5.50000000E+00   1.64500000E+02   1.48868549E+11  -5.15121482E-02  -1.23160075E-01  
       FSW    15  3.00000000E+00   6.95700000E+08  -4.50000000E+00   8.35000000E+01   1.49697649E+11  -1.14870732E-02  -2.51703883E-01  
       FSW    16  3.00000000E+00   6.95700000E+08  -3.50000000E+00   8.35000000E+01   1.49696585E+11  -6.86794686E-03  -2.52013060E-01  
       FSW    17  2.00000000E+00   6.95700000E+08  -1.35000000E+01   1.61500000E+02   1.48910442E+11  -8.67783048E-02  -1.32193172E-01  
       FSW    18  2.00000000E+00   6.95700000E+08  -1.25000000E+01   1.61500000E+02   1.48906788E+11  -8.23554211E-02  -1.32730164E-01  
       FSW    19  2.00000000E+00   6.95700000E+08  -1.15000000E+01   8.15000000E+01   1.49725418E+11  -4.26923837E-02  -2.44324669E-01  
       FSW    20  2.00000000E+00   6.95700000E+08  -8.50000000E+00   1.64500000E+02   1.48876471E+11  -6.51711987E-02  -1.22364156E-01  
       FSW    21  2.00000000E+00   6.95700000E+08  -7.50000000E+00   1.63500000E+02   1.48879291E+11  -6.03946574E-02  -1.26752093E-01  
       FSW    22  2.00000000E+00   6.95700000E+08  -6.50000000E+00   1.63500000E+02   1.48876662E+11  -5.58408229E-02  -1.27026253E-01  
       FSW    23  2.00000000E+00   6.95700000E+08  -6.50000000E+00   1.64500000E+02   1.48871006E+11  -5.60829411E-02  -1.22932330E-01  
       FSW    24  2.00000000E+00   6.95700000E+08  -4.50000000E+00   8.45000000E+01   1.49686225E+11  -1.19726973E-02  -2.53156610E-01  
       FSW    25  2.00000000E+00   6.95700000E+08  -1.50000000E+00   8.35000000E+01   1.49694254E+11   2.37537429E-03  -2.52401405E-01  
       FSW    26  2.00000000E+00   6.95700000E+08   5.00000000E-01   1.65500000E+02   1.48852196E+11  -2.40376077E-02  -1.19575224E-01  
       FSW    27  2.00000000E+00   6.95700000E+08   2.50000000E+00   1.65500000E+02   1.48850081E+11  -1.47266027E-02  -1.19467654E-01  
       FSW    28  2.00000000E+00   6.95700000E+08   1.05000000E+01   1.62500000E+02   1.48866032E+11   2.32945582E-02  -1.29734207E-01  
       FSW    29  1.00000000E+00   6.95700000E+08  -1.25000000E+01   1.62500000E+02   1.48900871E+11  -8.26097878E-02  -1.28786006E-01  
       FSW    30  1.00000000E+00   6.95700000E+08  -9.50000000E+00   8.15000000E+01   1.49724335E+11  -3.35458402E-02  -2.45912394E-01  
       FSW    31  1.00000000E+00   6.95700000E+08  -3.50000000E+00   1.65500000E+02   1.48858693E+11  -4.25590132E-02  -1.19351549E-01  
       FSW    32  1.00000000E+00   6.95700000E+08  -2.50000000E+00   1.65500000E+02   1.48856786E+11  -3.79448126E-02  -1.19462295E-01  
       FSW    33  1.00000000E+00   6.95700000E+08   1.50000000E+00   1.65500000E+02   1.48851044E+11  -1.93851030E-02  -1.19539722E-01  
       FSW    34  1.00000000E+00   6.95700000E+08   6.50000000E+00   1.65500000E+02   1.48848135E+11   3.93860061E-03  -1.18814331E-01  
