#ObserverName coordinate is given in the HelioGraphic Carrington coordinate system HGC (R,CRLT,CRLN).
#ObserverName is the center of Helioprojective coordinate system HPC (DIST,HPLT,HPLN).
#CROTA2=0. Sun North is up.
#List of points is given using spherical (r,lat,lon) representation in the HGC and HPC coordinate systems.
#A probability density is given for each point.
#FSS stands for Fast Solar Wind.
#SSW stands for Slow Solar Wind.
#M stands for Measured Solar Wind Speed 
#Data is formatted as follow:
#nVersion
#Rsun(m)
#ObserverTime
#ObserverName R_OBS(m) CRLT_OBS(degrees) CRLN_OBS(degrees)
#npoint_tot npoint_ssw npoint_fsw npoint_m
#SSW/FSW/M     i       density(%)             R(m)    CRLT(degrees)    CRLN(degrees)          DIST(m)    HPLT(degrees)    HPLN(degrees) 
 1
6.95700000E+08
2026-10-06 18:00:00
PSP  1.03954755E+11  3.44643694E+00  1.63394971E+02 
49 17 32 0
       SSW     0  4.50000000E+01   6.95700000E+08  -1.25000000E+01   1.90500000E+02   1.48976627E+11  -8.34201309E-02  -1.22268243E-01  
       SSW     1  1.40000000E+01   6.95700000E+08  -1.45000000E+01   1.93500000E+02   1.48968635E+11  -9.29092423E-02  -1.09107064E-01  
       SSW     2  7.00000000E+00   6.95700000E+08  -1.45000000E+01   1.97500000E+02   1.48950377E+11  -9.37096484E-02  -9.24627690E-02  
       SSW     3  5.00000000E+00   6.95700000E+08  -1.35000000E+01   1.90500000E+02   1.48980366E+11  -8.78353245E-02  -1.21773509E-01  
       SSW     4  5.00000000E+00   6.95700000E+08  -1.35000000E+01   1.93500000E+02   1.48964651E+11  -8.85236804E-02  -1.09585819E-01  
       SSW     5  4.00000000E+00   6.95700000E+08  -1.45000000E+01   1.96500000E+02   1.48954659E+11  -9.35219570E-02  -9.66698494E-02  
       SSW     6  4.00000000E+00   6.95700000E+08  -1.35000000E+01   1.92500000E+02   1.48969705E+11  -8.83022888E-02  -1.13683851E-01  
       SSW     7  3.00000000E+00   6.95700000E+08  -1.55000000E+01   2.01500000E+02   1.48939496E+11  -9.87271325E-02  -7.50085357E-02  
       SSW     8  3.00000000E+00   6.95700000E+08   1.65000000E+01   2.31500000E+02   1.48888044E+11   4.75338939E-02   5.81430222E-02  
       SSW     9  2.00000000E+00   6.95700000E+08  -1.55000000E+01   2.00500000E+02   1.48942989E+11  -9.85738799E-02  -7.93015979E-02  
       SSW    10  2.00000000E+00   6.95700000E+08  -1.25000000E+01   1.89500000E+02   1.48982252E+11  -8.31738734E-02  -1.26273572E-01  
       SSW    11  1.00000000E+00   6.95700000E+08  -1.95000000E+01   2.00500000E+02   1.48962064E+11  -1.15663045E-01  -7.75644281E-02  
       SSW    12  1.00000000E+00   6.95700000E+08  -1.55000000E+01   1.94500000E+02   1.48967975E+11  -9.74777457E-02  -1.04500476E-01  
       SSW    13  1.00000000E+00   6.95700000E+08  -1.45000000E+01   1.99500000E+02   1.48942390E+11  -9.40598556E-02  -8.39643509E-02  
       SSW    14  1.00000000E+00   6.95700000E+08  -1.45000000E+01   2.00500000E+02   1.48938686E+11  -9.42222619E-02  -7.96756304E-02  
       SSW    15  1.00000000E+00   6.95700000E+08  -1.15000000E+01   1.90500000E+02   1.48973065E+11  -7.89792112E-02  -1.22725611E-01  
       SSW    16  1.00000000E+00   6.95700000E+08   1.55000000E+01   2.31500000E+02   1.48886104E+11   4.29305766E-02   5.84355028E-02  
       FSW     0  1.10000000E+01   6.95700000E+08  -1.25000000E+01   1.89500000E+02   1.48982252E+11  -8.31738734E-02  -1.26273572E-01  
       FSW     1  1.00000000E+01   6.95700000E+08   3.50000000E+00   1.65500000E+02   1.49135805E+11  -1.81944062E-03  -2.12803623E-01  
       FSW     2  6.00000000E+00   6.95700000E+08  -1.35000000E+01   1.89500000E+02   1.48985969E+11  -8.75898973E-02  -1.25762650E-01  
       FSW     3  5.00000000E+00   6.95700000E+08   1.50000000E+00   1.64500000E+02   1.49147607E+11  -1.06881070E-02  -2.15890928E-01  
       FSW     4  4.00000000E+00   6.95700000E+08  -1.25000000E+01   1.63500000E+02   1.49185717E+11  -7.42741186E-02  -2.13441693E-01  
       FSW     5  4.00000000E+00   6.95700000E+08  -1.05000000E+01   1.62500000E+02   1.49190061E+11  -6.48876081E-02  -2.17559813E-01  
       FSW     6  4.00000000E+00   6.95700000E+08  -1.05000000E+01   1.63500000E+02   1.49180271E+11  -6.53149611E-02  -2.14970889E-01  
       FSW     7  4.00000000E+00   6.95700000E+08   5.00000000E-01   1.64500000E+02   1.49148847E+11  -1.53277035E-02  -2.15954920E-01  
       FSW     8  4.00000000E+00   6.95700000E+08   4.50000000E+00   1.66500000E+02   1.49125395E+11   2.41382830E-03  -2.09721794E-01  
       FSW     9  3.00000000E+00   6.95700000E+08  -1.65000000E+01   1.88500000E+02   1.49003860E+11  -1.00420293E-01  -1.27895100E-01  
       FSW    10  3.00000000E+00   6.95700000E+08  -1.15000000E+01   1.63500000E+02   1.49182937E+11  -6.98052798E-02  -2.14238988E-01  
       FSW    11  3.00000000E+00   6.95700000E+08  -9.50000000E+00   1.63500000E+02   1.49177720E+11  -6.08045396E-02  -2.15637168E-01  
       FSW    12  3.00000000E+00   6.95700000E+08  -6.50000000E+00   1.62500000E+02   1.49180657E+11  -4.67358595E-02  -2.19856393E-01  
       FSW    13  3.00000000E+00   6.95700000E+08  -2.50000000E+00   1.63500000E+02   1.49163141E+11  -2.87856019E-02  -2.18448797E-01  
       FSW    14  3.00000000E+00   6.95700000E+08  -1.50000000E+00   1.63500000E+02   1.49161535E+11  -2.41646010E-02  -2.18584329E-01  
       FSW    15  3.00000000E+00   6.95700000E+08  -5.00000000E-01   1.63500000E+02   1.49160049E+11  -1.95361241E-02  -2.18653103E-01  
       FSW    16  3.00000000E+00   6.95700000E+08   2.50000000E+00   1.65500000E+02   1.49136786E+11  -6.46497004E-03  -2.12996967E-01  
       FSW    17  2.00000000E+00   6.95700000E+08  -9.50000000E+00   1.62500000E+02   1.49187541E+11  -6.03761589E-02  -2.18234071E-01  
       FSW    18  2.00000000E+00   6.95700000E+08  -8.50000000E+00   1.62500000E+02   1.49185132E+11  -5.58461240E-02  -2.18841710E-01  
       FSW    19  2.00000000E+00   6.95700000E+08  -3.50000000E+00   1.63500000E+02   1.49164868E+11  -3.33977082E-02  -2.18246553E-01  
       FSW    20  2.00000000E+00   6.95700000E+08   5.00000000E-01   1.63500000E+02   1.49158684E+11  -1.49015920E-02  -2.18655098E-01  
       FSW    21  2.00000000E+00   6.95700000E+08   2.50000000E+00   1.64500000E+02   1.49146492E+11  -6.04517262E-03  -2.15760993E-01  
       FSW    22  2.00000000E+00   6.95700000E+08   3.50000000E+00   1.66500000E+02   1.49126235E+11  -2.23311405E-03  -2.09976730E-01  
       FSW    23  2.00000000E+00   6.95700000E+08   4.50000000E+00   1.65500000E+02   1.49134953E+11   2.82670169E-03  -2.12545272E-01  
       FSW    24  2.00000000E+00   6.95700000E+08   5.50000000E+00   1.65500000E+02   1.49134229E+11   7.47202963E-03  -2.12221992E-01  
       FSW    25  2.00000000E+00   6.95700000E+08   5.50000000E+00   1.66500000E+02   1.49124686E+11   7.06008155E-03  -2.09402788E-01  
       FSW    26  1.00000000E+00   6.95700000E+08  -1.85000000E+01   1.86500000E+02   1.49024575E+11  -1.08471847E-01  -1.34073957E-01  
       FSW    27  1.00000000E+00   6.95700000E+08  -1.55000000E+01   1.88500000E+02   1.48999653E+11  -9.60882370E-02  -1.28540406E-01  
       FSW    28  1.00000000E+00   6.95700000E+08  -1.35000000E+01   1.62500000E+02   1.49198292E+11  -7.82966387E-02  -2.15139529E-01  
       FSW    29  1.00000000E+00   6.95700000E+08  -1.35000000E+01   1.63500000E+02   1.49188611E+11  -7.87201073E-02  -2.12579251E-01  
       FSW    30  1.00000000E+00   6.95700000E+08  -1.25000000E+01   1.90500000E+02   1.48976627E+11  -8.34201309E-02  -1.22268243E-01  
       FSW    31  1.00000000E+00   6.95700000E+08  -7.50000000E+00   1.62500000E+02   1.49182838E+11  -5.12988926E-02  -2.19382540E-01  
